1,6,24,4,22,23,13,31,12,12
1,9,23,12,9,30,19,19,22,13
1,2,25,5,7,27,21,23,16,10
1,4,25,3,6,30,16,22,26,15
1,4,25,2,9,27,16,22,27,11
1,14,23,0,24,26,18,18,13,19
1,12,26,0,13,37,16,16,16,15
1,13,26,3,14,36,20,14,13,14
1,13,25,7,6,37,13,17,15,14
1,12,24,13,9,35,18,24,17,15
1,13,24,12,7,38,14,22,18,9
1,20,9,0,20,25,17,25,12,15
1,13,13,0,15,31,16,24,21,12
1,11,17,0,15,28,15,24,20,14
1,24,14,4,23,23,13,19,11,16
1,23,14,6,17,24,10,21,28,14
1,20,14,7,22,23,11,21,27,14
1,21,8,0,14,21,11,11,23,13
1,13,12,0,22,15,13,17,25,13
1,23,13,0,14,21,7,32,27,15
1,20,14,1,23,25,9,27,25,14
1,19,20,4,20,18,5,20,26,15
1,7,24,2,7,28,16,21,22,13
1,13,28,12,11,29,19,16,23,13
1,7,26,3,16,31,18,16,20,15
1,19,15,9,9,32,21,19,17,15
1,21,14,5,14,26,18,23,22,7
1,13,25,7,6,26,25,18,21,18
1,13,24,6,0,27,25,12,20,18
1,7,29,13,13,27,28,15,27,15
1,14,24,4,8,35,21,17,22,15
1,12,25,7,7,33,13,17,18,16
1,23,14,6,22,24,15,22,24,12
1,21,18,5,20,24,18,12,24,12
1,18,17,0,11,36,12,16,20,15
1,12,21,0,10,29,23,17,24,16
1,12,23,4,9,29,24,17,28,15
1,11,24,9,9,27,16,15,23,7
1,19,17,2,8,36,12,15,20,0
1,10,24,5,12,31,14,14,21,3
1,10,22,8,6,30,17,21,28,14
1,6,24,3,18,35,19,16,20,21
1,23,11,0,12,29,12,7,14,15
1,23,14,2,14,30,20,22,16,5
1,12,24,6,0,23,22,9,31,16
1,12,26,8,0,25,29,5,27,20
1,13,25,4,0,26,29,12,27,17
1,13,25,8,7,27,23,18,23,13
1,14,25,12,10,30,29,19,18,11
1,15,25,6,9,37,18,17,18,12
1,20,17,5,24,26,19,16,13,13
1,20,17,1,10,35,14,21,11,1
1,9,26,2,9,37,13,22,14,0
1,6,25,8,6,32,10,24,22,8
1,10,23,10,4,25,13,22,29,9
1,11,22,11,6,29,7,22,17,9
1,21,9,0,14,29,12,10,11,14
1,21,13,0,7,20,16,14,25,6
1,12,24,2,1,27,13,6,18,13
1,21,18,3,12,32,17,16,18,11
2,11,0,13,15,0,5,22,0,0
2,11,0,14,15,0,7,16,0,0
2,10,0,14,16,0,8,23,0,0
2,13,0,8,14,7,14,17,2,0
2,14,0,8,14,6,10,13,5,0
2,13,0,9,14,4,9,14,4,0
2,9,0,14,14,0,7,15,5,0
2,8,2,12,14,0,7,15,6,0
2,12,0,12,14,0,4,15,3,0
2,11,0,13,14,0,3,16,5,0
2,10,0,13,14,0,0,16,3,0
2,13,2,14,9,5,8,0,20,1
2,12,0,12,14,8,10,4,15,0
2,9,3,13,14,7,7,8,12,0
2,9,0,12,14,0,7,16,10,0
2,11,0,12,14,0,6,14,14,0
2,19,2,13,4,11,9,0,20,0
2,15,0,14,13,7,11,0,18,0
2,15,0,11,14,3,17,5,15,2
2,11,0,10,14,8,13,12,12,0
2,12,0,13,14,6,17,5,20,0
2,12,0,7,14,2,14,12,12,3
2,9,0,14,14,1,14,10,16,0
2,5,2,12,14,6,13,0,22,0
2,8,3,11,14,4,14,2,19,0
2,8,3,17,14,0,12,16,0,0
2,9,0,19,14,0,4,9,12,0
2,9,1,16,14,0,9,13,8,0
2,10,0,12,14,11,12,13,4,0
2,12,0,6,14,12,12,8,14,0
2,14,0,8,14,5,10,6,14,0
2,10,0,13,14,0,3,8,11,0
2,10,0,13,14,0,1,7,11,0
2,8,0,12,14,0,1,7,13,0
2,11,0,11,14,0,0,3,13,0
2,12,0,8,14,0,0,1,17,0
2,11,0,10,14,0,0,6,17,0
2,4,0,9,14,0,0,7,14,0
2,9,0,5,13,1,0,0,20,1
2,8,0,7,14,0,0,6,13,0
2,12,0,7,14,0,8,13,7,0
2,11,0,10,14,0,10,14,3,0
2,12,0,7,14,0,8,16,1,0
2,9,1,14,14,0,5,17,3,0
2,8,0,8,14,0,0,10,7,0
2,12,0,7,14,0,0,7,14,4
2,12,0,7,14,0,0,15,6,0
2,12,0,12,14,0,0,12,6,0
2,10,0,14,14,0,0,10,10,0
2,8,0,12,14,0,0,13,9,0
2,17,2,8,14,0,9,10,14,0
2,16,2,9,14,0,8,7,17,1
2,16,1,11,14,0,9,9,13,0
2,13,0,6,14,0,6,20,2,0
2,11,0,5,14,0,6,18,7,0
2,12,0,5,14,0,10,19,5,0
2,8,0,12,14,0,8,15,7,0
2,11,0,13,14,0,3,17,3,0
2,11,0,10,14,0,4,17,2,0
2,10,0,17,14,0,7,16,5,0
3,8,24,9,3,0,16,12,14,1
3,0,18,0,8,5,19,9,14,7
3,2,8,0,11,14,19,6,14,8
3,10,29,6,12,1,15,6,14,7
3,13,27,7,10,0,14,1,14,7
3,15,24,10,8,0,14,0,14,7
3,6,27,0,12,1,18,8,14,8
3,12,19,5,5,0,16,12,14,8
3,9,23,5,4,0,15,12,14,7
3,14,27,8,6,0,15,7,14,6
3,13,28,10,6,0,14,6,14,6
3,14,28,9,4,0,15,6,14,5
3,10,20,7,0,0,14,11,14,3
3,5,21,6,2,0,15,12,14,7
3,10,18,4,8,0,15,2,14,7
3,8,33,7,11,5,16,10,14,8
3,15,38,14,4,0,14,7,14,7
3,19,35,15,2,0,15,8,14,4
3,2,33,13,12,2,15,12,14,1
3,2,26,10,8,14,13,11,14,0
3,10,33,13,1,0,15,11,15,2
3,6,18,0,13,4,18,0,11,11
3,14,19,6,3,0,14,0,14,10
3,7,22,5,6,0,15,4,14,8
3,20,14,0,12,14,18,6,14,9
3,14,8,0,13,14,18,3,14,9
3,12,22,5,13,9,18,0,12,9
3,13,24,10,0,0,15,4,14,4
3,8,27,14,0,4,13,11,10,0
3,3,29,13,0,4,12,11,10,0
3,13,18,9,2,0,14,0,6,10
3,13,14,1,12,14,18,6,14,8
3,10,25,4,10,6,18,10,14,6
3,10,16,0,11,14,19,2,14,9
3,9,28,1,6,0,16,0,8,7
3,9,28,5,3,0,17,0,13,5
3,8,28,5,1,0,16,0,13,5
3,0,11,0,11,14,18,6,14,9
3,1,20,0,11,3,18,1,14,11
3,0,13,0,10,14,17,3,14,11
3,7,4,0,11,14,16,7,14,8
3,2,10,0,11,12,21,8,14,4
3,0,7,0,7,14,17,9,14,8
3,20,16,5,4,0,16,0,12,12
3,12,20,7,0,0,14,1,14,12
3,10,14,8,7,0,14,3,14,1
3,6,19,11,7,0,15,3,14,1
3,0,12,0,11,13,17,0,6,8
3,7,16,1,11,4,17,0,10,8
3,0,9,0,11,14,15,0,13,12
3,7,16,4,9,0,15,0,14,9
3,11,26,8,1,0,16,0,4,12
3,3,23,3,8,1,19,0,4,12
3,2,9,0,11,14,16,0,4,13
3,11,23,8,0,0,15,0,14,5
3,9,21,9,3,0,14,0,14,6
3,3,18,5,13,1,15,0,9,5
3,2,20,6,10,0,15,0,14,5
3,7,15,8,7,0,15,0,11,3
3,22,25,6,0,0,14,0,11,6
4,7,15,0,5,13,0,17,18,13
4,0,18,0,8,5,19,9,14,7
4,1,18,0,5,14,0,14,15,13
4,1,15,0,11,27,5,11,16,12
4,2,13,0,11,28,5,13,15,13
4,6,11,0,9,27,2,11,14,16
4,13,19,1,0,14,1,13,14,12
4,0,8,0,10,24,0,16,15,12
4,0,12,9,0,23,16,12,15,13
4,1,18,3,9,21,0,16,22,11
4,1,22,11,4,20,3,18,16,13
4,3,18,0,9,20,0,17,14,13
4,7,19,0,8,14,0,16,17,12
4,4,10,0,11,22,0,14,17,13
4,17,16,0,13,20,0,11,15,12
4,12,29,1,11,24,0,9,16,13
4,10,23,0,13,24,0,10,15,13
4,4,26,3,12,25,0,10,14,14
4,3,25,8,10,23,0,12,8,15
4,4,18,7,5,27,8,11,20,14
4,1,6,0,14,20,0,12,14,12
4,6,16,7,8,15,3,13,13,13
4,1,6,0,13,24,0,12,14,12
4,10,9,0,13,27,5,14,20,12
4,5,12,2,10,34,4,15,12,11
4,10,11,1,15,32,1,13,15,15
4,25,12,0,0,14,0,13,18,13
4,2,19,0,13,21,0,7,18,13
4,8,23,2,6,14,0,13,15,13
4,0,5,0,6,31,5,12,12,11
4,5,19,12,0,18,3,12,13,12
4,7,16,0,1,16,1,13,19,13
4,0,5,0,10,22,0,17,17,12
4,0,7,0,12,23,8,20,19,13
4,0,7,0,7,23,10,14,19,13
4,6,8,0,12,29,3,12,13,11
4,0,13,0,8,28,7,11,11,11
4,0,13,0,12,26,3,13,15,11
4,0,5,0,15,27,6,14,15,12
4,6,18,3,8,14,2,16,14,13
4,0,8,2,5,27,2,14,16,10
4,0,4,2,3,24,8,11,17,12
4,0,16,13,0,10,7,10,14,10
4,0,5,2,8,22,20,12,19,12
4,0,11,0,12,17,0,8,23,12
4,1,7,0,11,24,3,13,18,9
4,0,9,0,13,22,4,10,19,12
4,0,6,0,12,23,9,12,19,13
4,4,16,0,10,13,1,17,14,12
4,0,10,2,13,18,0,14,15,13
4,4,20,2,9,21,5,14,8,9
4,17,16,0,0,14,0,17,15,13
4,11,18,6,0,14,1,19,14,12
4,15,24,8,0,12,6,18,16,12
4,2,15,6,7,23,4,15,16,20
4,5,24,13,0,11,6,12,17,17
4,10,24,2,1,14,0,16,18,13
4,0,11,0,7,28,5,11,17,10
4,0,13,0,9,27,0,11,15,10
4,0,5,1,1,26,10,10,14,12
5,9,23,5,7,26,13,22,14,14
5,0,20,5,14,30,9,20,12,12
5,0,17,7,6,32,11,24,17,15
5,6,25,8,10,26,20,24,11,15
5,20,14,5,25,14,16,27,2,17
5,7,24,3,13,23,18,31,0,15
5,12,22,3,11,26,9,21,8,11
5,12,23,3,9,26,11,21,7,12
5,4,24,8,14,27,17,19,16,10
5,21,17,6,14,14,20,17,9,17
5,13,22,10,0,25,35,19,10,14
5,12,26,7,0,22,30,15,18,18
5,8,25,5,11,26,16,25,6,12
5,8,25,0,8,26,17,21,18,15
5,13,24,5,11,25,14,22,14,5
5,19,7,6,23,14,13,29,2,12
5,19,6,5,23,14,13,27,4,10
5,18,7,4,11,26,14,27,2,12
5,11,24,13,9,24,15,17,17,14
5,22,8,11,23,14,17,20,7,15
5,23,12,12,28,14,14,15,5,17
5,22,14,7,7,19,9,6,13,12
5,13,24,9,2,26,12,14,19,14
5,14,24,4,2,26,13,14,16,10
5,0,21,5,12,27,19,20,5,13
5,13,24,10,11,26,16,18,8,13
5,7,24,9,12,27,16,17,13,13
5,13,22,3,13,25,17,18,16,12
5,23,8,15,7,21,8,28,1,14
5,3,22,11,14,26,13,18,13,9
5,2,22,9,15,26,16,23,12,14
5,13,34,9,15,16,15,17,12,7
5,13,24,5,14,26,17,18,12,8
5,12,26,11,11,27,18,18,12,5
5,8,24,8,0,23,16,16,21,17
5,5,25,10,0,21,14,17,24,17
5,4,22,11,6,26,12,19,23,17
5,9,19,2,15,22,18,29,0,17
5,15,16,0,16,20,16,23,0,14
5,22,8,0,24,14,10,25,1,13
5,13,23,3,9,26,4,17,12,11
5,12,23,6,10,27,3,20,11,10
5,16,22,5,6,26,4,22,13,14
5,4,24,3,11,27,14,22,11,18
5,7,23,4,12,26,8,22,10,16
5,6,23,0,14,26,15,21,13,16
5,2,25,10,15,26,15,12,16,10
5,5,24,10,14,26,14,17,13,10
5,2,24,7,13,26,16,16,11,11
5,13,24,5,10,26,16,18,16,15
5,9,24,3,15,25,17,18,17,15
5,13,26,10,13,27,17,19,13,11
5,11,27,6,13,26,21,21,14,11
5,10,25,9,15,26,16,15,15,10
5,14,20,6,8,26,4,17,16,6
5,12,23,5,4,26,5,14,16,8
5,12,24,7,7,27,5,16,15,8
5,11,27,9,4,26,4,17,13,10
5,16,22,4,9,26,7,18,11,13
5,9,23,8,10,27,8,20,11,13
6,9,19,15,19,0,14,11,5,8
6,11,19,16,14,0,14,12,13,7
6,10,22,16,14,0,14,7,11,3
6,13,22,6,11,17,15,9,17,0
6,13,27,6,5,9,22,9,14,5
6,14,23,6,6,22,6,11,15,0
6,9,21,4,10,14,0,0,20,0
6,12,20,13,13,5,9,0,20,0
6,12,20,14,12,12,2,6,13,0
6,6,24,6,13,15,4,13,13,0
6,13,16,5,14,14,7,13,13,0
6,12,18,6,14,14,6,12,15,0
6,8,23,12,14,0,14,4,5,15
6,10,22,12,14,0,14,7,3,15
6,10,22,14,14,0,14,8,4,15
6,13,22,2,7,10,13,0,13,0
6,12,22,4,7,9,13,0,13,0
6,13,23,7,10,9,9,6,8,0
6,23,14,5,14,14,0,7,13,0
6,16,16,1,16,14,5,12,15,0
6,22,11,3,14,14,7,12,12,0
6,15,14,8,21,0,14,13,0,18
6,7,23,9,10,10,14,9,0,16
6,10,23,8,3,12,14,11,0,19
6,13,22,8,14,3,11,3,0,16
6,16,22,12,14,0,15,2,4,11
6,15,21,8,14,0,18,0,11,5
6,10,24,4,4,19,0,4,10,0
6,11,16,4,14,16,21,9,16,1
6,14,13,6,21,10,23,9,15,0
6,16,22,6,14,5,24,7,14,0
6,22,16,6,14,14,0,12,4,0
6,19,14,9,14,5,9,11,7,0
6,18,13,8,14,14,5,13,13,0
6,16,20,11,7,3,11,0,13,0
6,12,21,12,4,0,14,0,13,0
6,13,23,11,7,5,14,0,7,5
6,12,24,5,0,8,14,2,14,5
6,12,22,7,6,3,15,0,13,5
6,12,22,7,4,9,13,0,6,9
6,12,19,7,9,14,1,10,11,0
6,12,20,7,5,14,0,10,13,0
6,10,25,6,4,11,5,12,11,0
6,13,22,16,0,5,16,0,14,8
6,14,25,12,0,11,9,9,11,0
6,15,29,9,0,14,1,9,11,0
6,12,26,8,4,3,14,0,10,2
6,12,25,12,0,0,14,0,12,1
6,12,23,11,0,1,14,0,10,4
6,12,23,9,11,15,0,7,10,0
6,12,20,4,7,18,5,2,13,0
6,13,23,5,10,4,14,1,13,0
6,13,22,6,6,14,8,4,13,0
6,13,21,8,3,15,8,2,13,0
6,16,18,8,2,14,6,9,8,0
6,12,22,9,6,1,14,0,0,13
6,14,23,5,7,2,12,0,13,0
6,13,24,10,6,1,14,0,0,13
6,13,24,6,6,6,16,7,15,4
6,11,23,8,10,2,16,18,14,6
7,7,23,15,6,31,9,22,16,8
7,14,18,4,19,26,0,18,14,12
7,14,13,5,14,31,0,14,14,10
7,5,36,9,15,18,2,18,14,12
7,26,28,0,9,15,0,19,14,13
7,9,34,3,12,17,0,18,14,13
7,16,27,3,13,28,18,16,17,10
7,6,27,6,14,35,17,18,14,12
7,7,22,6,13,36,14,15,14,10
7,12,26,16,18,26,11,19,14,12
7,10,28,15,13,28,9,22,14,12
7,11,28,19,9,27,7,23,14,7
7,15,20,8,4,16,13,18,14,6
7,11,24,5,6,15,11,19,7,1
7,13,23,7,9,14,12,18,5,0
7,7,24,15,18,17,8,10,12,0
7,8,25,20,17,15,14,6,14,5
7,8,22,14,14,18,14,7,14,5
7,18,23,2,20,31,5,22,14,11
7,16,23,2,16,34,7,17,14,13
7,9,27,9,18,35,12,20,14,6
7,21,31,4,16,18,16,10,14,11
7,21,36,11,16,17,18,13,14,6
7,15,27,7,15,23,15,14,14,9
7,15,22,6,10,7,13,0,12,10
7,13,22,4,15,14,10,0,14,10
7,17,16,1,12,16,0,1,14,11
7,14,26,14,16,32,3,20,14,1
7,10,29,15,13,34,6,17,14,5
7,8,25,15,16,35,4,23,14,12
7,9,28,20,13,25,18,18,14,6
7,9,29,2,19,34,15,15,14,4
7,10,25,3,15,36,13,16,14,4
7,9,25,5,23,30,20,18,14,1
7,7,23,11,15,31,9,15,14,9
7,4,24,12,16,30,4,10,14,10
7,5,25,9,14,28,5,6,14,12
7,15,20,10,12,31,15,17,14,5
7,15,25,14,13,26,9,19,14,7
7,12,26,15,5,24,18,12,15,10
7,14,19,11,6,23,13,11,15,3
7,9,27,20,14,33,1,12,14,11
7,3,28,18,11,27,4,9,17,6
7,16,31,1,5,18,1,7,15,13
7,12,27,5,2,12,6,13,14,13
7,8,31,4,1,8,8,13,14,12
7,12,24,12,8,23,21,0,21,3
7,13,26,10,13,28,16,11,12,9
7,13,25,13,10,27,25,12,15,10
7,3,25,21,21,29,8,23,13,0
7,3,26,11,15,26,4,6,24,11
7,6,23,1,16,26,4,12,18,11
7,6,24,20,5,19,9,12,14,13
7,10,24,21,15,34,7,21,13,0
7,13,19,13,8,20,4,0,13,10
7,13,25,19,5,20,5,2,13,4
7,13,27,19,7,21,2,1,12,9
7,15,23,8,11,12,9,0,9,6
7,8,20,10,12,19,8,0,4,11
7,15,25,7,13,17,5,0,6,12
8,0,11,3,16,3,0,2,14,11
8,0,14,4,18,0,0,5,14,10
8,0,12,5,20,3,0,0,13,11
8,0,12,3,14,2,0,11,14,13
8,7,14,2,19,0,0,2,14,13
8,6,14,10,19,4,0,0,10,13
8,0,12,3,18,2,0,4,14,12
8,0,9,12,14,5,0,6,14,4
8,0,12,11,21,2,0,2,14,10
8,0,12,11,21,2,0,2,14,10
8,0,8,5,20,6,0,3,14,11
8,11,28,19,9,27,7,23,14,7
8,1,15,0,22,1,0,0,13,12
8,0,11,3,21,3,0,0,14,13
8,0,7,10,21,8,0,0,13,7
8,0,14,3,19,0,0,2,14,13
8,2,14,0,19,0,0,0,14,13
8,0,8,11,16,6,0,4,14,8
8,0,14,7,19,5,0,0,9,9
8,0,13,2,21,3,0,0,12,12
8,0,10,7,17,5,0,0,13,10
8,0,7,7,18,7,0,3,14,13
8,0,4,11,19,10,0,0,14,7
8,0,7,10,22,8,0,0,13,6
8,0,5,8,15,9,0,6,14,10
8,0,6,10,19,8,0,3,14,10
8,0,9,11,21,8,0,0,11,11
8,0,12,0,17,2,0,0,13,10
8,0,18,1,14,2,0,10,14,11
8,0,18,7,13,4,0,9,14,11
8,0,17,2,15,2,0,6,14,12
8,0,7,11,20,7,0,3,15,1
8,0,9,10,18,5,0,3,14,10
8,0,11,12,22,7,0,0,10,9
8,0,9,9,20,7,0,0,12,8
8,0,13,11,21,4,0,0,11,9
8,0,10,9,16,8,0,0,10,11
8,0,12,5,19,2,0,0,14,12
8,0,10,8,19,4,0,2,14,12
8,0,9,7,19,5,0,2,14,10
8,0,3,11,7,11,0,16,14,7
8,0,8,8,16,6,0,9,14,13
8,0,7,12,18,7,0,7,14,13
8,5,9,0,12,4,0,0,10,9
8,1,17,1,16,3,0,0,11,11
8,1,14,0,21,0,0,4,14,12
8,0,10,9,22,9,0,0,9,13
8,0,13,4,24,3,0,0,12,12
8,0,10,7,20,4,0,1,14,13
8,0,14,4,21,2,0,0,12,12
8,0,5,13,16,9,0,3,14,10
8,2,14,3,21,1,0,0,13,13
8,9,13,0,14,4,0,0,10,11
8,0,7,10,15,7,0,8,14,9
8,2,14,2,20,3,0,0,11,12
8,1,14,5,20,0,0,0,14,13
8,4,14,11,17,4,0,0,10,12
8,1,12,0,20,0,0,3,14,12
8,0,6,8,16,8,0,9,14,11
8,0,6,12,16,8,0,5,14,8
9,13,8,18,14,0,14,16,3,7
9,11,6,16,15,23,5,16,12,0
9,11,8,16,16,6,14,15,14,0
9,11,8,21,14,0,14,21,0,9
9,12,11,10,14,0,25,22,8,2
9,9,17,18,18,0,16,17,16,1
9,10,18,16,22,0,14,9,11,2
9,8,13,22,16,10,6,16,13,0
9,13,10,21,14,1,13,18,13,0
9,11,10,22,15,0,14,8,13,0
9,10,8,23,14,0,14,15,11,2
9,10,16,18,14,5,9,10,12,0
9,10,15,21,14,6,8,13,11,0
9,12,16,19,14,1,13,13,9,0
9,12,1,8,14,8,24,10,0,11
9,12,1,7,14,8,25,13,0,12
9,10,7,23,14,0,14,21,5,5
9,7,4,22,14,0,14,11,9,7
9,9,3,23,14,5,14,19,10,7
9,12,12,6,14,25,5,18,13,0
9,10,19,6,14,20,5,17,12,0
9,14,13,0,14,24,13,17,11,0
9,14,19,21,17,4,14,15,6,9
9,14,10,21,21,9,14,17,13,0
9,11,5,22,14,7,14,14,0,11
9,11,10,19,14,0,14,17,0,5
9,12,14,18,14,0,14,11,1,6
9,12,14,21,14,0,14,17,1,2
9,12,13,21,14,0,14,19,1,11
9,12,4,21,14,8,14,18,6,7
9,12,0,12,14,12,22,18,11,1
9,6,28,13,21,0,14,6,15,0
9,8,17,20,17,3,14,14,3,10
9,13,27,15,23,9,7,8,6,7
9,6,14,0,19,26,11,18,13,0
9,7,17,5,18,25,5,14,13,0
9,11,16,4,19,26,12,11,15,0
9,10,9,21,16,0,14,15,2,11
9,10,0,17,14,8,18,15,3,9
9,11,0,14,14,8,24,16,9,4
9,12,2,9,14,3,25,19,0,10
9,12,4,8,14,5,25,19,7,2
9,11,4,8,14,2,26,23,0,7
9,13,8,21,14,0,14,20,0,11
9,12,0,12,14,7,24,17,6,4
9,11,0,9,14,10,26,16,10,2
9,13,11,23,20,2,14,23,4,7
9,11,8,23,17,6,14,23,0,11
9,11,6,22,18,1,13,23,4,6
9,11,14,22,14,13,1,10,13,0
9,12,11,22,14,2,12,12,7,0
9,12,21,16,14,0,14,18,0,13
9,10,16,19,14,0,14,20,1,10
9,11,19,20,14,0,14,20,5,6
9,9,6,23,14,1,14,14,8,6
9,11,9,20,14,0,14,14,5,7
9,11,8,22,14,0,14,13,7,7
9,12,14,11,14,7,13,15,0,10
9,12,19,13,14,18,0,16,10,0
9,10,19,13,14,19,0,19,13,0
10,13,19,3,0,0,0,14,14,12
10,7,14,13,0,0,0,14,14,12
10,7,14,15,0,0,0,14,14,12
10,16,17,2,0,0,0,12,14,13
10,14,17,3,0,0,0,12,14,10
10,9,19,4,0,0,0,13,14,13
10,6,14,13,1,0,0,17,14,11
10,3,14,10,0,0,0,18,14,11
10,5,14,13,0,0,0,18,14,11
10,4,14,9,0,0,0,13,14,11
10,3,14,12,0,0,0,12,14,9
10,6,14,13,0,0,0,12,14,11
10,12,14,4,0,0,0,12,14,11
10,9,14,10,0,5,3,12,14,12
10,9,15,14,0,1,0,14,14,10
10,8,16,14,0,1,0,12,14,12
10,12,20,7,2,6,0,11,14,8
10,12,22,7,1,5,0,13,14,9
10,13,25,14,0,7,0,14,14,9
10,11,14,9,0,0,0,11,14,11
10,12,14,12,0,0,0,10,14,11
10,7,14,8,0,0,0,12,14,10
10,10,19,2,0,4,0,17,14,11
10,9,21,5,0,2,0,15,14,10
10,6,20,3,0,1,0,18,14,10
10,10,14,14,0,0,0,14,14,12
10,12,14,8,0,0,0,15,14,12
10,11,14,14,0,0,0,14,14,10
10,13,14,18,0,0,0,13,14,2
10,13,14,16,0,0,0,7,14,5
10,13,14,21,0,0,0,12,14,1
10,6,23,8,0,2,0,12,14,11
10,8,20,3,0,0,0,13,14,11
10,12,17,5,1,0,0,15,14,10
10,6,20,12,0,0,0,17,14,10
10,8,14,16,0,0,0,15,14,7
10,12,15,18,0,0,0,18,14,11
10,12,14,10,0,0,0,9,14,11
10,10,14,10,0,0,0,12,14,13
10,12,14,14,0,0,0,11,14,9
10,8,14,3,0,0,0,15,14,11
10,12,14,12,0,0,0,11,14,12
10,7,14,21,2,0,0,20,14,11
10,11,16,10,4,2,0,18,14,12
10,1,20,4,9,0,0,21,14,13
10,10,14,12,0,0,0,12,14,13
10,12,14,16,0,0,0,7,14,2
10,12,14,16,0,0,0,7,14,2
10,12,14,17,0,0,0,11,14,9
10,13,14,19,0,0,0,10,14,9
10,9,14,11,0,0,0,13,14,13
10,10,14,13,0,0,4,14,14,13
10,8,14,22,4,0,8,6,14,9
10,1,14,21,11,0,7,7,14,9
10,10,14,20,3,0,7,9,14,10
10,13,23,7,0,0,3,12,14,10
10,12,18,12,0,3,4,16,14,3
10,13,14,17,0,0,0,7,14,6
10,14,14,17,0,0,0,12,14,11
10,7,14,18,0,0,0,12,14,13
11,17,19,0,0,7,10,11,14,11
11,13,20,9,10,22,9,17,14,7
11,13,26,12,8,24,4,17,14,11
11,10,21,11,10,26,1,18,14,14
11,6,24,9,8,16,18,20,14,4
11,8,24,13,10,16,11,18,14,8
11,8,25,13,10,14,18,20,14,6
11,10,24,2,8,2,11,21,14,1
11,0,25,8,6,0,9,20,13,0
11,2,26,3,9,0,11,20,14,6
11,3,24,12,10,1,11,11,14,4
11,2,25,14,4,0,10,12,14,0
11,2,21,18,4,0,0,11,14,4
11,3,15,13,17,31,0,19,14,11
11,5,17,12,16,28,0,19,14,5
11,5,16,12,18,30,0,18,14,7
11,14,18,1,3,8,7,12,14,12
11,11,19,4,4,10,4,13,14,7
11,11,20,1,4,8,6,13,14,8
11,0,22,6,14,25,0,17,18,11
11,0,21,12,12,21,4,13,19,10
11,8,23,12,13,24,0,14,18,11
11,4,25,4,11,16,19,13,14,5
11,0,21,8,13,18,17,12,14,12
11,3,24,13,11,18,10,14,14,5
11,2,25,8,20,19,14,19,15,5
11,0,23,11,16,26,15,23,15,2
11,0,21,10,15,26,16,23,13,1
11,4,24,12,8,6,8,12,14,7
11,9,24,13,17,23,4,15,13,0
11,4,24,12,14,15,9,18,14,10
11,12,26,10,5,14,21,15,14,7
11,12,24,10,10,21,6,16,14,2
11,5,21,11,16,28,0,19,12,0
11,12,23,9,11,15,13,16,14,10
11,11,22,8,0,17,7,7,14,12
11,12,22,3,0,19,0,0,16,12
11,6,24,10,11,16,19,14,14,9
11,2,23,11,16,21,4,18,14,6
11,10,24,12,5,20,10,19,14,5
11,10,22,12,3,20,0,11,14,9
11,2,24,8,8,22,0,19,14,12
11,2,23,12,15,20,0,20,14,12
11,14,21,3,0,7,8,8,14,13
11,10,25,10,0,2,11,12,14,13
11,19,7,0,5,14,6,0,14,10
11,15,8,0,9,9,0,0,13,13
11,12,15,0,7,15,0,0,14,12
11,4,24,2,0,0,9,13,14,13
11,5,24,3,3,0,10,13,14,12
11,1,23,4,2,2,12,13,14,12
11,2,24,12,11,14,8,7,20,8
11,3,25,5,13,12,0,14,14,12
11,1,23,12,12,18,0,12,17,11
11,3,24,11,8,2,11,11,14,4
11,3,24,12,10,9,5,13,12,2
11,7,24,12,4,11,3,17,8,2
11,16,19,0,3,7,11,0,10,7
11,14,19,4,6,8,8,0,5,11
11,17,17,3,4,11,7,0,10,12
12,12,0,0,14,0,0,12,14,10
12,11,0,0,14,0,0,15,14,10
12,12,0,0,14,0,0,14,14,11
12,11,0,0,14,0,0,16,14,11
12,12,0,0,14,0,0,14,14,11
12,12,0,0,14,0,0,15,14,12
12,10,0,0,14,0,0,10,14,11
12,12,0,0,14,0,0,12,14,12
12,10,0,0,14,0,0,12,14,11
12,13,0,0,14,0,0,15,14,12
12,14,0,0,14,0,0,14,14,13
12,15,0,0,14,0,2,13,14,11
12,12,0,0,14,0,0,13,14,12
12,12,0,0,14,0,0,17,14,12
12,11,0,0,14,0,4,16,14,8
12,11,0,0,14,0,0,20,14,11
12,12,0,0,14,0,0,18,14,13
12,12,0,0,14,0,0,19,14,12
12,10,0,0,14,0,0,9,14,11
12,11,0,0,14,0,0,10,14,11
12,11,0,0,14,0,0,11,14,9
12,11,0,0,14,0,0,10,14,12
12,10,0,0,14,0,0,12,14,12
12,11,0,0,14,0,0,9,14,12
12,11,0,0,14,0,0,7,14,13
12,11,0,0,14,0,0,7,14,13
12,11,0,0,14,0,0,10,14,12
12,11,0,0,14,0,0,13,14,10
12,11,0,0,14,0,0,13,14,11
12,11,0,0,14,0,0,14,14,10
12,10,0,0,14,0,0,12,14,10
12,10,0,0,14,0,0,13,14,11
12,11,0,0,14,0,3,17,14,7
12,12,0,0,14,0,0,15,14,12
12,15,0,0,14,0,0,17,14,12
12,15,0,0,14,0,0,14,14,12
12,14,0,0,14,0,0,13,14,10
12,12,0,0,14,0,0,17,14,10
12,11,0,0,14,0,0,17,14,12
12,11,0,0,14,0,0,15,14,12
12,11,0,0,14,0,0,12,14,11
12,11,0,0,14,0,0,15,14,13
12,12,0,0,14,0,0,18,14,11
12,12,0,0,14,0,0,13,14,12
12,11,0,0,14,0,0,14,14,11
12,17,0,0,14,0,1,4,16,14
12,15,0,0,14,0,6,2,17,12
12,21,0,0,14,0,1,8,14,13
12,12,0,0,14,0,0,13,14,11
12,12,0,0,14,0,0,13,14,12
12,12,0,0,14,0,0,18,14,13
12,12,0,0,14,0,0,10,14,15
12,12,0,0,14,0,0,10,14,14
12,12,0,0,14,0,0,13,14,16
12,11,0,0,14,0,0,10,14,9
12,10,0,0,14,0,0,11,14,11
12,11,0,0,14,0,0,12,14,11
12,12,0,0,14,0,0,8,14,12
12,12,0,0,14,0,0,11,14,13
12,11,0,0,14,0,0,10,14,16
13,12,24,12,0,24,0,0,12,0
13,11,25,10,6,23,0,1,10,0
13,11,24,12,4,23,0,4,9,0
13,12,27,13,2,28,0,0,14,0
13,13,22,13,6,27,8,0,13,0
13,13,23,12,4,30,0,0,12,0
13,13,25,13,10,29,0,0,12,0
13,12,25,12,5,31,0,0,13,0
13,13,23,12,12,29,4,0,0,13
13,12,30,12,0,34,0,0,12,0
13,10,27,13,7,25,0,0,12,0
13,12,27,15,7,26,0,0,13,0
13,13,25,12,6,24,0,0,13,0
13,12,24,13,10,22,0,0,11,0
13,12,24,13,10,24,0,0,13,0
13,12,24,12,8,26,0,3,12,0
13,13,25,12,6,24,0,1,16,0
13,13,27,12,0,36,0,0,14,0
13,11,25,11,14,27,0,0,12,0
13,11,24,12,10,26,0,0,12,0
13,12,23,12,5,32,0,0,12,0
13,13,25,13,17,26,0,2,13,0
13,12,24,12,13,26,0,5,19,0
13,11,25,12,19,28,0,0,17,0
13,12,25,11,4,23,0,0,15,0
13,12,25,11,5,23,0,0,12,0
13,12,24,13,9,21,0,0,12,0
13,13,30,17,0,35,0,0,15,0
13,18,26,13,4,30,0,0,14,0
13,17,26,12,7,28,0,2,13,0
13,13,25,11,0,26,0,0,12,0
13,12,28,11,0,21,5,0,12,0
13,13,27,13,3,27,0,0,8,0
13,13,26,13,0,35,0,0,13,0
13,7,27,11,10,28,0,0,20,0
13,10,21,12,13,30,0,2,18,0
13,6,26,13,18,24,0,7,11,0
13,12,26,13,5,31,0,0,12,0
13,13,24,13,5,30,0,0,13,0
13,12,24,12,8,28,0,0,12,0
13,8,22,11,0,30,0,0,12,1
13,11,22,12,0,17,0,0,13,0
13,12,25,11,0,18,0,0,12,0
13,11,25,12,0,25,4,0,0,14
13,13,25,11,0,28,0,0,12,2
13,13,24,12,0,32,0,0,13,1
13,16,34,13,11,21,0,0,15,0
13,15,33,12,8,18,0,0,14,0
13,16,32,12,10,21,0,0,13,0
13,13,27,13,0,17,0,8,7,0
13,13,24,13,12,29,0,3,10,0
13,12,25,12,19,21,12,0,9,4
13,12,24,13,24,24,0,0,13,0
13,15,26,13,7,19,0,0,14,0
13,12,25,12,6,24,0,2,19,0
13,13,25,12,6,20,0,9,17,0
13,7,28,12,14,23,0,12,15,0
13,10,26,11,3,30,9,0,0,13
13,12,22,12,17,26,7,0,0,12
13,13,28,12,12,23,8,0,0,11
14,19,24,13,14,9,0,14,14,8
14,15,21,11,20,14,0,14,15,12
14,10,21,8,25,17,3,13,15,12
14,22,24,8,14,0,0,11,14,12
14,22,14,19,14,0,10,14,14,10
14,24,14,21,14,0,5,14,14,11
14,5,25,12,24,14,14,5,16,8
14,8,11,3,25,25,15,11,14,10
14,11,9,0,25,30,14,14,16,7
14,20,14,23,14,0,8,14,14,11
14,21,14,24,14,0,7,11,14,5
14,13,14,24,22,0,7,13,14,1
14,15,22,18,14,0,7,6,15,10
14,4,8,21,25,6,10,9,15,4
14,4,13,23,24,1,7,9,14,7
14,5,8,23,19,11,9,0,17,11
14,16,24,6,17,12,0,11,14,13
14,20,14,21,14,0,11,8,14,11
14,23,24,10,14,14,0,9,17,13
14,23,18,19,14,9,0,11,14,10
14,22,14,21,14,0,12,10,14,11
14,19,22,8,16,13,0,11,14,11
14,21,14,23,14,0,6,12,14,11
14,6,12,22,24,2,5,10,14,10
14,8,7,21,25,7,5,5,16,8
14,8,1,14,27,18,28,8,15,8
14,11,2,21,25,20,17,7,15,16
14,11,2,25,26,16,20,2,21,9
14,22,14,21,14,0,4,9,14,5
14,23,14,24,14,0,0,6,15,5
14,23,14,24,14,0,0,1,18,6
14,7,3,20,25,22,14,11,15,8
14,10,10,18,23,16,9,13,14,11
14,4,11,9,23,26,0,12,22,8
14,20,14,22,14,3,10,12,14,12
14,17,14,21,20,2,6,10,14,9
14,12,14,20,22,1,6,12,14,8
14,12,14,24,23,0,5,11,14,6
14,22,14,23,14,0,8,11,14,8
14,9,9,23,24,5,9,12,14,4
14,11,12,21,21,5,5,0,17,4
14,7,7,20,25,7,6,0,17,0
14,11,12,20,25,2,5,5,14,0
14,14,14,23,22,5,14,9,16,3
14,17,19,18,14,2,8,8,15,3
14,19,25,13,14,5,0,10,14,3
14,10,3,0,24,21,4,10,14,13
14,0,15,14,11,22,3,0,15,11
14,19,15,22,18,0,2,0,18,11
14,11,14,21,18,8,1,0,16,5
14,14,14,21,19,3,7,0,15,11
14,10,14,24,24,0,10,6,16,4
14,7,23,12,25,3,3,10,14,1
14,11,14,24,23,0,2,10,14,2
14,12,13,12,25,22,3,11,14,11
14,13,17,3,26,13,2,12,13,11
14,13,13,5,24,19,5,14,14,7
14,13,15,18,18,0,4,10,14,13
14,17,14,26,14,0,11,12,14,5
14,9,14,23,21,0,6,12,14,8
15,7,28,20,22,19,3,7,14,8
15,9,36,22,20,11,0,6,14,12
15,2,26,7,19,23,13,7,13,0
15,25,42,26,10,14,2,20,14,2
15,16,42,25,10,14,3,20,14,6
15,11,28,17,12,28,14,20,14,6
15,8,22,6,18,26,10,7,14,5
15,9,22,10,13,28,11,0,18,9
15,11,21,10,12,26,10,0,16,11
15,7,26,6,18,29,6,10,14,13
15,16,25,5,11,31,13,18,14,8
15,16,26,5,21,24,13,20,14,7
15,8,27,12,24,23,11,21,14,8
15,17,39,23,14,17,3,18,13,0
15,5,28,11,17,28,16,13,14,11
15,2,27,17,20,28,13,15,14,13
15,7,28,5,16,27,14,11,15,4
15,9,28,3,15,28,14,21,8,0
15,7,28,10,17,28,17,15,14,8
15,19,42,21,7,12,0,10,14,13
15,16,30,20,7,25,6,0,17,13
15,18,28,8,7,28,5,0,19,12
15,7,23,17,26,22,13,11,15,6
15,13,17,14,10,26,10,9,18,2
15,9,23,17,22,20,9,10,14,8
15,8,27,20,13,29,12,22,14,8
15,14,38,19,15,15,0,20,14,11
15,7,38,26,10,14,3,20,14,6
15,6,19,10,12,31,11,0,19,11
15,5,22,0,12,28,10,0,18,10
15,6,24,0,18,24,11,6,15,8
15,11,29,12,17,21,0,10,14,4
15,12,29,16,17,19,0,11,14,3
15,9,28,10,21,20,10,14,13,0
15,15,27,5,20,18,7,13,14,11
15,21,39,7,11,7,0,15,14,12
15,22,42,6,12,5,0,17,14,12
15,12,20,0,13,25,1,11,14,13
15,20,41,12,16,14,0,14,14,12
15,10,41,13,10,12,0,17,14,12
15,24,39,19,11,16,5,21,11,0
15,0,27,27,10,14,0,18,14,9
15,11,28,12,17,25,13,24,3,0
15,16,41,22,18,15,1,15,14,9
15,28,41,11,10,11,0,15,14,13
15,18,38,7,13,6,0,17,14,11
15,0,31,16,12,10,0,18,14,12
15,24,29,8,11,11,0,16,14,11
15,12,40,24,7,14,2,18,14,8
15,0,34,18,11,7,0,18,14,5
15,4,35,10,12,7,0,15,14,10
15,11,30,15,7,26,4,6,16,12
15,18,38,10,6,14,2,13,14,12
15,25,42,21,9,14,9,15,14,12
15,9,41,9,11,13,0,18,14,11
15,13,30,14,14,22,4,12,13,0
15,13,26,10,19,18,13,19,13,3
15,14,21,21,15,34,13,17,15,6
15,18,44,4,16,1,0,17,14,12
15,19,37,2,14,5,0,17,14,12
16,16,16,0,14,6,9,11,12,11
16,4,20,0,24,9,11,10,15,12
16,9,2,0,24,19,5,11,13,11
16,23,14,2,14,13,1,12,14,12
16,23,14,3,14,13,4,16,14,12
16,4,24,12,13,10,5,13,13,5
16,13,23,5,10,12,8,13,13,12
16,10,24,12,7,7,12,13,9,11
16,12,21,13,6,13,12,13,8,11
16,19,20,0,14,18,17,11,16,12
16,17,24,2,3,18,12,12,11,11
16,14,20,0,14,14,10,11,14,13
16,23,10,0,14,10,13,12,11,11
16,22,9,0,14,10,10,14,14,13
16,22,7,0,14,13,12,14,14,13
16,14,17,3,14,9,12,12,13,12
16,5,23,12,13,7,10,11,10,11
16,9,23,9,14,10,13,12,12,10
16,4,18,0,23,4,8,11,6,11
16,0,22,1,25,6,10,12,4,12
16,12,22,7,14,2,12,12,5,11
16,7,23,12,12,12,9,12,11,5
16,14,21,8,14,10,8,12,9,12
16,14,21,5,14,10,7,13,7,12
16,10,22,8,13,10,10,13,9,12
16,17,24,0,0,18,15,0,18,12
16,14,7,0,24,9,12,11,10,12
16,10,21,0,15,13,18,11,12,11
16,18,9,0,14,12,12,13,12,13
16,23,12,0,14,9,10,13,12,13
16,13,21,0,13,10,14,13,9,12
16,20,11,0,14,10,9,7,13,11
16,15,9,0,20,5,15,8,17,11
16,12,5,0,24,15,14,10,18,11
16,12,22,6,12,8,10,11,7,12
16,13,21,11,14,6,10,12,9,10
16,11,23,9,14,11,8,11,13,11
16,12,23,3,7,8,10,13,3,12
16,2,22,0,22,6,15,13,4,12
16,7,24,0,15,6,7,12,3,12
16,12,22,13,14,4,11,21,10,9
16,13,23,12,11,6,9,12,8,12
16,13,22,13,14,0,9,13,4,10
16,5,23,13,11,11,8,13,9,11
16,8,23,12,11,12,8,12,12,6
16,2,20,12,13,17,13,12,6,4
16,1,21,12,11,19,11,8,11,4
16,0,18,13,17,17,9,12,11,2
16,21,14,1,14,8,4,11,6,13
16,18,17,7,14,7,10,10,7,11
16,21,14,1,14,8,7,5,7,11
16,11,23,5,8,12,13,13,9,13
16,13,24,4,12,9,13,13,9,12
16,10,21,0,12,12,13,12,12,10
16,17,17,13,14,9,5,13,10,1
16,5,23,13,5,14,10,13,5,3
16,12,23,11,5,13,10,13,6,4
16,19,14,4,14,12,11,13,13,12
16,21,23,22,14,1,6,11,13,8
16,23,20,16,14,4,5,13,16,11
17,1,20,5,25,17,13,4,14,14
17,16,19,5,17,14,13,5,14,14
17,8,22,6,15,17,13,7,14,13
17,18,16,6,18,14,20,4,14,12
17,11,21,11,18,14,16,10,14,13
17,19,18,4,15,14,16,4,14,14
17,14,19,6,20,14,16,1,6,10
17,16,19,5,14,14,19,0,12,11
17,15,13,0,19,14,17,0,9,14
17,15,26,4,13,16,14,0,11,17
17,12,22,3,10,18,11,1,4,17
17,15,20,1,15,14,11,4,4,17
17,14,22,12,20,14,10,9,14,10
17,12,22,13,10,20,9,12,14,12
17,12,23,11,10,17,13,10,14,13
17,23,13,0,12,14,17,0,13,11
17,24,14,2,7,14,19,3,14,9
17,22,14,0,6,14,16,3,14,12
17,20,14,2,19,14,14,0,14,15
17,15,18,10,19,14,17,2,14,12
17,13,19,13,19,14,15,7,14,13
17,22,14,4,6,14,19,0,6,12
17,13,28,12,1,15,17,0,8,11
17,13,24,8,0,16,18,0,8,13
17,17,25,8,0,22,17,2,15,14
17,13,21,2,4,27,18,0,14,17
17,13,21,3,11,24,22,1,16,12
17,8,23,5,4,20,18,2,14,7
17,4,25,19,9,13,16,0,12,2
17,12,29,19,0,7,17,1,14,2
17,13,28,12,0,13,15,0,4,13
17,9,23,0,6,22,13,0,10,13
17,15,22,0,8,16,14,0,10,14
17,16,22,3,16,14,10,2,14,15
17,18,17,0,14,14,11,3,14,14
17,18,13,0,16,14,10,0,7,17
17,16,15,0,8,14,16,0,8,16
17,20,16,9,13,14,14,0,2,15
17,23,14,12,13,14,16,0,7,10
17,22,14,9,13,14,15,0,0,12
17,23,9,0,19,14,16,3,14,11
17,19,15,0,18,14,15,7,14,15
17,15,17,0,22,14,14,8,14,17
17,12,24,12,0,22,10,5,14,13
17,22,14,10,8,14,16,10,14,15
17,23,14,4,11,14,16,9,14,14
17,22,25,12,8,3,14,4,14,11
17,18,18,4,13,14,19,2,14,12
17,17,18,5,9,14,18,7,14,11
17,7,24,5,6,22,19,0,7,10
17,5,24,13,8,20,20,0,14,6
17,11,24,9,2,20,23,0,11,6
17,21,14,8,8,14,15,0,8,13
17,23,14,9,9,14,18,0,13,13
17,22,16,4,10,12,18,4,14,11
17,22,14,4,0,19,20,0,0,15
17,24,17,8,2,13,14,0,3,16
17,23,14,2,4,14,19,0,1,16
17,9,22,5,3,14,15,0,0,13
17,13,24,11,0,22,19,0,2,14
18,6,14,12,5,0,14,0,0,11
18,12,14,11,0,0,14,0,0,14
18,12,14,10,1,0,14,0,0,13
18,0,12,18,11,3,14,9,0,13
18,0,10,19,10,4,14,7,2,12
18,2,14,19,14,0,14,0,0,12
18,1,14,19,14,0,14,0,4,8
18,5,14,18,10,0,14,0,0,12
18,13,14,16,0,0,14,0,5,12
18,13,14,14,0,0,14,0,5,11
18,13,14,15,0,0,14,0,9,10
18,13,14,17,0,0,14,0,8,9
18,13,14,15,0,0,14,0,8,11
18,13,14,16,0,0,14,0,10,11
18,0,12,15,12,2,14,9,0,4
18,0,12,15,11,3,14,11,0,9
18,0,12,15,12,2,14,10,0,6
18,0,14,13,14,0,16,8,0,11
18,5,14,12,14,0,14,0,0,11
18,0,14,13,14,0,14,6,0,11
18,2,14,15,14,0,14,2,0,11
18,0,14,16,14,0,14,9,0,13
18,0,11,18,11,3,12,13,0,0
18,2,14,17,14,0,14,12,0,9
18,1,14,16,14,0,14,12,0,8
18,2,14,18,12,0,14,0,10,10
18,7,14,19,9,0,16,0,3,11
18,9,14,17,8,0,17,0,8,9
18,11,14,14,0,0,14,0,11,10
18,13,14,12,0,0,14,3,14,7
18,13,14,13,0,0,14,0,14,9
18,9,14,14,6,0,14,0,6,15
18,13,14,14,0,0,14,0,7,16
18,13,14,15,0,0,14,0,9,14
18,6,14,15,8,0,14,0,0,12
18,10,14,16,4,0,14,0,0,12
18,12,14,14,0,0,14,0,0,12
18,1,15,18,14,0,14,12,0,2
18,0,13,15,12,2,14,12,0,6
18,0,14,17,14,0,14,12,0,3
18,2,14,17,14,0,14,12,0,7
18,0,13,18,13,1,12,10,0,0
18,1,14,17,14,0,14,11,0,1
18,0,12,18,11,3,14,10,0,11
18,6,14,16,14,0,14,12,0,3
18,7,14,14,14,0,14,10,0,12
18,5,14,17,14,0,14,8,4,8
18,16,14,18,0,0,15,0,9,6
18,18,14,19,0,0,14,0,8,4
18,16,14,13,0,0,15,0,12,6
18,7,14,14,8,0,14,0,0,14
18,2,15,19,14,0,14,4,0,12
18,1,14,20,14,0,14,6,0,12
18,3,14,18,13,0,14,0,0,13
18,6,14,16,14,0,14,2,0,13
18,10,14,15,14,0,14,1,0,13
18,5,14,15,14,0,14,12,0,12
18,1,15,18,14,0,14,13,0,6
18,0,14,18,13,1,14,13,0,3
18,2,15,16,14,0,13,12,0,0
19,13,28,15,15,0,0,14,14,13
19,12,23,7,12,2,0,5,14,11
19,13,24,10,0,14,0,0,20,12
19,12,20,13,0,14,0,0,18,9
19,12,24,15,12,4,0,18,14,12
19,12,26,8,12,2,0,18,14,12
19,10,22,7,6,8,0,11,14,11
19,12,24,18,9,5,0,11,14,7
19,13,26,17,12,2,0,13,14,12
19,13,25,13,10,4,0,15,14,12
19,16,25,11,14,0,0,14,14,6
19,12,26,14,10,4,0,10,14,5
19,13,27,11,14,0,0,13,14,5
19,14,25,4,14,0,0,18,14,13
19,6,27,12,14,1,0,15,14,12
19,5,28,11,15,0,0,15,14,9
19,11,20,16,0,14,0,0,21,9
19,13,25,18,11,3,0,11,14,12
19,14,28,16,14,0,0,12,14,8
19,13,17,21,0,14,0,0,19,11
19,13,22,20,8,7,0,8,14,10
19,13,24,7,9,5,0,13,14,12
19,13,19,13,11,3,0,6,14,6
19,11,20,9,15,2,0,8,14,5
19,10,22,11,15,1,0,16,14,5
19,13,28,19,15,0,0,14,14,4
19,12,24,4,10,4,0,4,16,12
19,12,27,11,13,1,0,14,14,11
19,12,19,11,0,14,0,0,15,7
19,11,21,11,9,5,0,4,15,5
19,13,19,10,13,1,0,3,14,7
19,12,25,12,9,5,0,7,14,11
19,12,26,14,11,3,0,9,14,9
19,13,23,13,8,6,0,8,14,13
19,12,27,12,9,5,0,6,16,10
19,12,24,16,10,4,0,9,14,12
19,12,23,17,0,14,0,0,18,8
19,10,25,5,14,0,0,16,14,12
19,13,27,5,14,1,0,13,14,13
19,13,28,15,14,0,0,15,14,12
19,13,23,14,4,10,0,9,7,0
19,12,23,13,3,11,0,3,16,1
19,12,23,13,3,11,0,3,16,1
19,11,23,10,7,7,0,4,15,13
19,13,26,4,9,5,0,2,16,12
19,13,22,18,12,6,0,15,14,5
19,14,24,12,9,5,0,15,14,7
19,14,27,11,15,0,0,21,14,10
19,12,18,21,0,14,0,0,18,0
19,12,15,18,0,14,0,0,15,2
19,12,15,16,0,14,0,0,11,9
19,12,15,18,0,14,0,0,15,4
19,12,14,18,0,10,4,0,10,6
19,13,21,10,0,14,0,0,13,13
19,13,21,11,0,14,0,0,14,11
19,13,17,15,0,14,0,0,15,12
19,13,25,9,11,3,0,14,14,12
19,13,23,21,9,5,0,15,14,6
19,12,25,17,12,3,0,15,14,4
19,13,26,17,13,2,0,19,14,0
20,11,2,3,15,12,0,12,14,11
20,12,3,9,8,15,0,16,14,11
20,11,6,6,14,9,0,15,14,12
20,2,15,0,10,17,5,18,14,11
20,11,9,4,10,16,0,18,14,11
20,10,12,4,9,13,0,19,14,11
20,11,1,3,16,13,0,18,14,13
20,14,14,8,15,0,0,17,14,13
20,14,15,9,15,0,0,16,14,14
20,15,14,7,14,0,0,14,14,13
20,12,0,0,14,15,13,19,14,11
20,9,7,10,16,10,3,18,14,6
20,14,14,12,16,0,0,14,14,8
20,11,10,11,0,17,0,0,15,10
20,12,11,7,8,6,0,8,14,12
20,11,7,7,0,19,0,0,18,11
20,12,14,3,0,15,0,0,17,13
20,13,15,0,14,0,0,1,16,15
20,12,14,3,6,8,0,0,19,12
20,18,0,2,17,14,11,21,14,11
20,17,0,0,12,15,6,12,14,14
20,15,0,3,17,15,11,19,14,0
20,11,3,5,11,16,3,21,14,11
20,7,7,2,10,18,3,21,14,11
20,9,4,6,12,18,3,18,14,12
20,12,13,5,15,1,0,14,14,11
20,12,14,6,14,0,0,20,14,13
20,13,15,5,15,0,0,15,14,12
20,12,16,8,0,14,0,0,16,12
20,12,14,5,13,1,0,3,16,11
20,11,10,8,6,10,0,3,16,12
20,7,8,0,15,16,9,17,14,7
20,2,9,0,10,18,10,19,14,6
20,15,0,0,17,14,11,18,14,4
20,0,12,0,8,19,12,19,14,9
20,1,13,9,8,17,2,20,14,7
20,0,15,11,13,13,0,18,14,11
20,13,14,3,0,15,0,0,16,12
20,13,16,5,12,2,0,3,15,13
20,15,15,4,14,0,0,8,14,13
20,12,12,4,7,9,0,0,18,13
20,13,12,8,11,5,0,5,14,13
20,13,14,12,8,6,0,3,14,12
20,13,12,8,7,8,1,7,14,12
20,13,14,11,14,0,0,8,14,13
20,17,14,12,14,0,0,7,14,13
20,11,12,0,12,8,0,13,14,13
20,12,8,0,7,14,0,10,14,12
20,11,0,5,3,20,0,7,15,12
20,6,6,0,12,16,7,21,14,12
20,12,2,4,16,12,0,20,14,12
20,12,9,9,2,18,0,0,13,11
20,12,14,2,3,15,0,0,14,13
20,11,9,11,3,18,0,0,11,11
20,13,16,7,5,9,0,4,15,12
20,13,21,7,11,3,0,8,14,11
20,13,19,11,14,0,0,7,14,10
20,11,5,6,15,11,0,6,15,13
20,13,7,12,0,20,0,0,12,13
20,12,5,11,3,18,0,0,16,13
21,1,19,3,25,14,14,26,15,11
21,0,22,0,25,12,18,17,17,13
21,6,13,0,26,14,17,11,20,16
21,10,21,3,14,9,6,5,29,9
21,6,25,5,12,7,8,17,26,3
21,9,21,3,14,4,9,9,28,4
21,6,23,3,11,10,13,10,32,10
21,7,23,6,9,9,11,15,30,8
21,13,24,2,9,5,9,17,28,7
21,16,15,8,14,0,17,3,20,22
21,21,11,4,14,7,17,3,22,20
21,15,16,0,14,1,23,4,24,17
21,20,12,2,11,12,7,5,30,12
21,20,7,0,14,13,6,7,33,9
21,23,9,3,11,14,5,12,30,9
21,13,22,7,14,11,1,13,32,6
21,10,22,8,14,11,2,13,28,2
21,11,22,3,14,10,2,15,26,3
21,0,22,12,15,11,10,12,12,21
21,4,23,10,10,12,8,12,6,23
21,3,20,14,11,11,6,12,9,21
21,12,23,1,8,16,11,11,31,2
21,10,22,0,11,15,0,17,31,11
21,10,19,0,14,10,0,23,28,12
21,17,19,8,14,12,6,13,34,11
21,16,21,11,14,13,6,12,29,9
21,15,21,9,14,12,5,16,31,7
21,22,7,9,14,5,13,5,13,24
21,28,9,7,14,0,14,5,18,25
21,27,6,20,14,18,4,4,30,11
21,13,23,1,13,1,11,13,24,15
21,15,20,1,14,2,10,12,26,12
21,10,23,10,4,13,13,12,15,16
21,21,8,6,14,0,20,1,26,17
21,20,7,8,14,0,17,0,29,14
21,20,10,7,14,0,19,4,29,15
21,15,21,2,14,0,14,9,23,16
21,16,18,8,14,8,11,11,31,9
21,17,17,10,14,8,7,13,32,10
21,5,10,0,26,8,9,12,18,16
21,19,14,11,14,0,11,13,26,15
21,12,23,13,9,5,10,11,25,13
21,12,23,12,11,3,4,8,19,19
21,7,24,3,9,8,9,13,23,15
21,9,22,3,14,4,7,20,26,3
21,6,24,12,9,11,5,24,25,1
21,6,23,12,10,9,4,23,27,0
21,23,14,11,14,10,7,12,25,12
21,17,18,8,14,17,11,12,10,10
21,13,25,7,12,12,5,12,20,18
21,8,24,4,9,10,26,9,32,9
21,9,21,0,15,13,15,7,29,6
21,18,20,8,14,0,16,12,24,17
21,7,23,13,8,7,17,12,25,11
21,9,25,13,7,14,6,13,26,8
21,17,17,0,14,16,13,12,20,8
21,22,9,0,14,13,10,12,24,12
21,21,14,0,14,18,11,13,21,8
21,9,20,0,12,5,13,11,12,14
21,13,23,1,12,2,10,12,16,16
22,12,14,5,14,1,0,18,16,12
22,11,14,10,14,0,0,14,14,12
22,12,9,6,14,0,0,19,13,13
22,13,13,10,14,0,0,19,12,11
22,12,10,12,14,2,1,21,13,12
22,13,9,16,14,0,0,23,13,7
22,10,18,6,20,1,0,16,12,15
22,10,15,5,26,3,0,14,13,11
22,10,18,6,21,3,0,12,14,14
22,11,11,0,14,1,0,19,13,13
22,11,4,6,18,0,0,19,8,13
22,12,6,10,19,5,0,20,4,11
22,12,12,10,14,0,0,18,14,13
22,12,11,11,14,2,0,13,14,13
22,12,12,9,14,2,0,14,14,13
22,11,12,9,14,0,0,11,11,12
22,11,13,12,14,0,0,17,12,9
22,12,13,10,14,0,0,16,14,8
22,11,3,9,14,0,13,11,11,0
22,11,2,8,14,0,14,12,9,0
22,11,3,13,14,3,3,13,6,10
22,12,12,12,14,0,3,18,13,11
22,10,13,11,14,1,4,19,11,11
22,14,14,13,14,3,6,19,13,12
22,12,13,13,14,0,0,12,12,7
22,11,9,11,14,0,0,14,10,8
22,10,12,10,14,0,0,12,12,9
22,12,7,7,14,0,1,14,8,11
22,10,8,10,14,0,0,19,6,12
22,11,10,8,14,0,0,11,14,12
22,10,12,11,20,7,0,17,8,11
22,12,15,7,20,3,0,16,7,10
22,13,9,15,15,4,0,16,11,14
22,14,14,13,14,0,0,17,14,12
22,11,14,9,21,6,0,12,12,11
22,13,13,8,17,3,0,15,17,10
22,13,13,7,14,4,0,13,17,12
22,11,13,13,17,14,10,17,0,0
22,12,13,17,18,7,8,16,7,3
22,12,14,15,18,0,2,17,14,11
22,11,14,8,14,0,0,14,14,13
22,12,10,6,14,2,0,17,13,12
22,11,11,4,14,0,0,17,12,12
22,10,8,13,14,0,0,19,3,5
22,11,5,13,14,0,2,23,5,5
22,10,6,16,14,0,0,21,2,5
22,11,11,13,14,0,0,20,8,7
22,12,12,13,14,0,0,21,11,13
22,13,14,12,14,0,3,23,10,8
22,11,7,10,14,5,0,20,7,12
22,12,8,7,14,8,13,22,4,0
22,11,9,7,14,9,6,22,12,7
22,15,14,8,14,0,0,18,14,13
22,15,14,13,14,0,0,15,14,5
22,11,10,12,14,0,1,14,9,8
22,12,11,14,14,3,2,16,8,9
22,12,11,13,14,9,9,17,0,0
22,12,7,10,14,5,8,10,9,0
22,14,7,11,14,1,1,14,10,8
22,11,9,10,14,6,5,11,9,1
23,10,15,7,23,20,14,27,18,20
23,9,18,6,18,24,14,23,26,21
23,10,19,9,24,18,14,26,21,25
23,13,9,0,22,27,15,23,15,28
23,13,9,0,24,26,14,25,20,24
23,13,8,0,28,24,6,22,14,22
23,6,22,6,29,15,14,14,13,27
23,10,21,8,28,15,14,15,21,24
23,16,21,6,26,14,17,16,13,19
23,22,12,0,35,2,12,28,25,20
23,13,23,3,21,18,16,25,22,22
23,11,13,0,18,28,14,26,8,27
23,9,20,9,25,17,14,30,17,23
23,10,23,7,30,10,14,32,17,22
23,23,10,0,36,4,14,32,23,17
23,12,7,0,27,23,11,27,10,28
23,13,4,0,27,23,13,27,14,17
23,12,4,0,24,27,13,30,15,22
23,11,13,0,18,28,14,26,8,27
23,13,12,0,16,33,19,26,4,16
23,13,12,0,22,29,15,26,10,20
23,9,18,9,20,18,14,22,9,28
23,12,18,3,24,16,22,27,12,17
23,9,11,8,27,14,27,28,9,11
23,10,9,3,10,26,16,10,19,24
23,6,11,6,9,34,18,12,15,24
23,8,11,0,12,33,17,16,14,25
23,5,16,0,20,25,11,27,22,28
23,7,14,0,27,23,9,27,16,27
23,7,16,0,25,27,21,24,25,11
23,10,23,5,22,22,20,17,22,16
23,5,20,2,25,18,16,24,22,18
23,14,25,8,28,12,14,20,23,21
23,1,17,2,26,19,14,26,24,18
23,12,12,0,21,27,14,16,23,19
23,5,11,0,24,26,8,24,17,23
23,11,6,4,21,26,11,20,20,25
23,9,10,0,20,25,18,17,17,24
23,12,13,0,20,26,13,24,11,24
23,13,12,0,20,26,12,28,19,18
23,11,19,0,21,20,23,22,16,18
23,12,6,0,22,28,19,32,20,10
23,11,6,0,23,26,24,30,16,16
23,10,12,0,21,27,10,20,30,31
23,16,12,0,17,29,17,20,29,26
23,16,12,0,22,27,12,27,20,22
23,13,9,0,18,25,17,23,17,21
23,13,8,0,19,26,16,24,25,9
23,12,6,0,21,26,21,22,17,12
23,12,6,6,16,30,20,20,18,6
23,13,0,12,19,29,13,22,19,24
23,12,0,9,18,29,13,21,19,23
23,11,12,0,15,32,12,18,23,25
23,18,22,9,26,14,18,22,14,14
23,18,23,5,27,14,14,25,12,25
23,17,22,8,27,15,20,31,14,10
23,11,24,13,18,26,18,22,5,0
23,11,11,0,25,32,19,18,18,6
23,11,12,0,25,32,24,13,19,4
23,11,9,0,26,34,17,13,24,6
24,12,15,5,21,21,14,9,20,24
24,10,17,5,11,27,14,11,18,22
24,11,10,0,19,25,19,18,5,26
24,21,8,10,22,8,14,23,8,26
24,21,15,9,29,4,14,26,8,23
24,22,8,7,23,14,14,31,18,20
24,4,22,10,22,15,14,1,28,26
24,0,22,3,24,19,14,3,31,19
24,2,22,12,19,15,14,2,29,21
24,22,10,7,27,4,14,14,19,22
24,23,14,2,25,0,15,13,20,21
24,21,14,3,27,0,14,13,21,19
24,23,14,2,17,0,14,13,11,20
24,23,14,8,19,0,14,12,5,25
24,26,14,9,14,0,14,10,0,27
24,11,0,0,32,15,19,15,10,0
24,13,7,0,38,7,16,15,9,27
24,12,4,0,32,14,14,17,15,9
24,25,14,3,17,0,22,13,5,12
24,24,11,0,20,3,11,13,5,23
24,27,11,0,14,3,11,12,8,21
24,14,10,3,31,4,19,20,7,18
24,20,0,0,25,14,11,12,21,13
24,20,6,0,26,14,7,15,19,19
24,18,14,9,34,4,19,13,4,12
24,13,27,14,8,20,23,17,17,18
24,18,6,9,27,13,14,21,15,27
24,27,1,0,27,23,15,21,16,18
24,22,14,1,17,0,14,13,18,20
24,24,14,3,17,0,17,13,13,18
24,27,14,9,14,0,14,10,9,27
24,14,7,10,28,9,14,23,16,21
24,20,5,5,20,9,14,22,19,22
24,17,2,7,25,12,14,16,18,25
24,16,0,0,27,17,26,20,6,6
24,17,7,1,25,7,21,13,6,13
24,18,0,0,29,14,12,11,7,28
24,24,3,0,27,14,17,13,11,22
24,22,7,0,27,14,17,13,14,24
24,23,7,0,26,14,15,12,17,21
24,11,7,4,33,7,15,11,0,26
24,13,6,0,26,14,17,11,5,23
24,12,0,0,33,14,13,12,12,20
24,17,12,6,37,4,15,15,9,21
24,21,13,7,34,8,19,12,8,12
24,17,10,0,27,4,22,13,4,6
24,12,7,4,33,7,24,13,7,6
24,14,8,2,30,6,24,13,7,7
24,18,12,0,23,2,12,13,14,20
24,1,24,0,17,15,15,0,18,23
24,11,11,0,14,26,10,0,21,22
24,17,0,0,33,14,7,13,17,20
24,26,4,0,26,14,13,12,20,18
24,27,2,0,22,24,14,26,9,0
24,3,20,1,31,2,14,13,11,19
24,1,24,1,23,14,14,11,9,23
24,15,24,10,11,14,14,0,18,21
24,12,0,0,34,14,15,13,6,20
24,25,0,0,29,14,14,13,6,21
24,25,5,0,25,17,15,13,1,29
25,5,22,13,14,14,14,16,5,15
25,2,20,16,14,14,14,22,10,10
25,4,19,15,14,14,14,19,5,12
25,6,21,17,21,7,14,18,4,13
25,6,24,16,14,14,14,21,6,15
25,10,24,15,14,14,14,18,8,13
25,12,24,14,17,11,14,10,6,8
25,13,24,12,14,14,14,12,7,9
25,12,24,13,14,14,14,14,7,9
25,14,14,14,28,0,14,10,5,12
25,12,14,16,28,0,14,20,4,10
25,8,21,14,25,3,14,20,2,15
25,12,15,11,14,14,14,22,0,12
25,11,14,10,26,0,14,26,0,12
25,12,14,11,24,0,14,20,0,12
25,9,23,8,14,14,14,19,11,9
25,11,24,11,14,14,14,17,10,9
25,9,20,13,14,14,14,15,8,11
25,8,25,13,14,14,14,12,9,11
25,11,23,14,14,14,14,12,12,12
25,11,23,11,14,14,14,14,11,12
25,11,16,12,14,14,14,19,4,12
25,13,14,12,28,0,14,19,2,16
25,15,14,11,28,0,14,17,2,13
25,7,19,14,28,0,14,2,3,14
25,12,19,14,25,3,17,15,2,12
25,13,14,12,24,2,17,21,0,13
25,15,24,15,16,12,19,20,0,13
25,11,19,12,14,14,14,17,3,13
25,10,17,13,14,14,14,17,6,13
25,16,18,11,14,14,14,21,8,12
25,9,22,11,20,8,14,22,4,10
25,11,23,11,16,13,14,24,7,12
25,11,24,13,19,14,14,13,5,10
25,11,24,11,14,14,14,19,4,14
25,16,20,11,14,14,14,18,7,12
25,15,18,10,14,14,14,16,7,13
25,14,23,12,17,11,14,6,0,13
25,15,24,15,15,14,14,6,7,8
25,13,24,13,14,14,14,15,0,13
25,10,20,14,14,14,14,18,14,9
25,8,19,19,14,14,14,15,7,12
25,10,15,18,14,14,14,19,11,11
25,11,15,10,14,14,14,22,7,11
25,10,19,14,14,14,14,20,9,12
25,7,16,17,17,11,14,16,0,12
25,8,14,17,28,0,14,19,0,12
25,8,19,16,15,13,14,17,0,13
25,13,14,13,14,8,14,19,12,12
25,12,14,12,14,9,14,16,11,12
25,10,14,11,14,9,14,18,13,10
25,10,14,18,28,0,14,10,0,13
25,6,14,16,14,11,14,15,13,12
25,11,19,16,14,14,14,9,7,13
25,9,16,15,14,14,14,17,11,6
25,12,14,15,14,12,15,23,4,12
25,11,14,12,26,0,14,16,0,13
25,8,14,14,14,10,14,22,2,12
25,8,15,13,14,14,14,17,7,12
25,10,15,14,14,14,14,13,3,12
26,9,12,0,17,35,11,12,23,9
26,11,22,9,17,14,2,12,33,11
26,10,13,17,18,25,5,20,21,11
26,11,8,0,14,10,23,20,17,21
26,11,12,16,14,4,14,20,19,16
26,12,9,21,14,0,14,22,19,10
26,13,6,16,18,6,18,12,27,12
26,12,6,17,19,4,16,12,24,22
26,10,12,20,17,0,14,16,24,18
26,11,20,3,14,2,25,16,24,7
26,9,17,8,14,8,24,20,22,3
26,7,16,7,15,22,13,16,28,0
26,10,25,6,17,21,3,21,22,10
26,12,1,11,14,11,28,24,14,16
26,11,0,9,14,15,32,24,17,12
26,13,0,10,14,17,32,21,17,10
26,12,22,4,14,27,12,15,10,1
26,11,6,3,15,35,9,14,21,11
26,11,6,6,17,23,21,11,14,9
26,11,18,13,14,16,17,22,17,1
26,12,18,12,14,9,22,18,25,0
26,12,9,0,16,24,25,17,30,3
26,10,4,13,16,11,23,15,17,27
26,15,5,12,14,11,27,20,20,18
26,14,16,20,15,6,14,12,22,21
26,11,12,20,14,5,9,14,18,12
26,13,21,13,14,5,9,13,26,13
26,11,12,23,14,4,10,17,29,12
26,14,3,10,19,13,22,13,31,14
26,12,7,12,19,9,25,20,28,14
26,13,5,4,18,26,10,13,34,9
26,11,16,19,18,0,14,20,21,20
26,11,9,23,14,0,14,21,20,23
26,11,14,16,14,20,5,12,24,14
26,11,22,6,14,9,7,19,21,13
26,8,22,7,14,15,16,14,19,11
26,11,21,9,14,22,9,17,22,8
26,11,25,8,14,11,19,27,13,7
26,9,20,7,14,7,21,22,17,8
26,7,22,6,14,7,19,16,19,11
26,12,24,7,14,14,0,15,27,13
26,12,22,8,14,23,4,14,18,9
26,12,19,13,14,22,2,17,11,10
26,11,11,21,14,21,6,20,16,7
26,10,8,22,14,9,10,20,18,13
26,5,9,22,17,12,2,16,20,7
26,9,16,20,14,0,14,15,31,16
26,10,18,13,14,0,14,16,31,12
26,12,25,6,14,14,0,16,29,13
26,11,20,8,14,0,14,15,17,20
26,12,11,0,16,28,1,13,31,12
26,11,11,0,14,20,7,12,21,20
26,17,19,24,14,3,19,16,20,22
26,18,19,22,14,4,21,15,15,22
26,17,13,10,14,17,32,14,17,23
26,10,14,23,14,3,25,15,24,5
26,11,14,22,14,0,18,13,36,4
26,13,9,0,14,20,25,15,13,5
26,12,5,0,14,30,15,17,19,6
26,11,6,4,14,31,11,16,22,14
27,18,0,8,14,0,21,17,15,1
27,20,0,6,14,0,19,14,15,6
27,16,1,9,14,2,18,18,13,0
27,12,16,15,13,1,15,14,15,3
27,20,5,17,14,0,15,16,16,1
27,22,2,17,14,2,12,18,16,0
27,19,0,6,14,0,22,15,15,4
27,20,3,9,14,2,23,16,16,5
27,22,3,9,14,1,23,15,19,5
27,20,0,1,14,0,24,19,15,2
27,19,3,2,14,0,24,16,14,10
27,19,5,4,14,0,23,21,14,7
27,21,0,17,14,0,16,17,15,3
27,22,3,15,14,0,14,17,14,5
27,20,4,19,14,0,14,13,17,4
27,20,3,11,14,0,15,16,14,4
27,20,1,13,14,0,14,17,15,1
27,20,0,17,14,0,14,18,15,4
27,23,0,5,14,2,21,17,17,0
27,23,0,7,14,2,18,14,17,0
27,19,0,0,14,0,22,17,17,1
27,20,7,4,14,14,11,14,18,0
27,19,0,11,14,3,19,13,20,0
27,20,1,8,14,0,24,13,19,1
27,19,0,13,17,0,18,13,15,2
27,14,4,2,17,0,20,11,15,3
27,14,7,9,19,0,15,13,14,5
27,18,5,15,14,0,21,12,14,9
27,20,5,11,14,0,29,11,15,6
27,22,4,9,14,0,24,13,14,15
27,13,0,10,14,0,14,18,14,5
27,19,2,11,14,0,24,13,15,7
27,20,4,12,14,2,24,16,18,0
27,20,3,9,14,0,27,15,15,9
27,19,0,7,14,6,20,18,16,3
27,22,4,3,14,1,24,19,16,2
27,20,1,3,14,0,26,19,15,5
27,21,0,0,14,0,20,17,15,1
27,18,0,0,14,0,21,16,15,2
27,18,0,1,14,3,18,15,15,0
27,16,11,11,14,4,15,16,12,0
27,17,9,15,14,4,14,16,13,0
27,16,12,13,14,4,16,17,11,0
27,19,7,12,14,12,16,17,11,1
27,23,4,5,14,14,13,21,7,0
27,19,7,1,14,13,14,23,6,0
27,17,7,13,14,10,4,18,9,0
27,20,2,6,14,0,18,16,14,1
27,13,16,5,14,2,20,19,13,0
27,21,0,10,14,0,19,11,16,4
27,22,1,9,14,2,18,17,13,0
27,23,1,13,14,0,17,12,17,3
27,20,5,8,14,8,8,21,10,0
27,21,0,10,14,0,14,13,17,2
27,15,0,17,14,12,2,23,9,0
27,18,8,8,14,0,21,16,15,3
27,12,14,9,15,1,27,15,14,1
27,18,1,11,17,3,22,17,13,6
27,17,0,2,14,0,16,18,14,3
27,15,6,7,14,0,14,18,14,4
28,0,14,0,5,14,8,5,19,7
28,0,14,0,7,15,3,2,18,3
28,0,13,0,6,16,6,7,20,1
28,0,19,0,2,26,10,12,20,19
28,0,18,1,2,27,9,11,20,19
28,0,15,0,1,26,12,12,20,13
28,0,7,0,10,11,14,0,11,3
28,5,17,0,7,14,9,1,21,0
28,0,12,0,7,14,7,0,15,8
28,0,13,0,9,14,7,2,15,11
28,0,16,0,8,18,9,0,12,16
28,5,21,0,24,17,14,3,16,5
28,4,20,0,20,17,12,12,18,4
28,4,19,0,15,15,9,13,18,7
28,7,9,0,14,24,16,8,17,0
28,2,11,0,13,24,16,10,17,0
28,7,11,0,20,21,17,9,16,5
28,0,5,0,7,13,6,1,21,0
28,2,7,0,6,14,6,0,21,0
28,0,9,0,5,14,6,4,22,0
28,3,13,0,15,26,23,6,15,7
28,1,13,0,14,28,18,5,21,1
28,6,14,0,17,22,18,5,19,4
28,1,5,1,9,14,8,7,9,0
28,0,4,0,9,14,13,0,16,0
28,1,5,0,8,14,11,3,18,0
28,0,6,0,6,16,7,0,15,4
28,1,7,2,7,7,15,0,13,8
28,2,9,0,7,9,16,0,10,12
28,0,13,4,6,11,9,13,21,0
28,0,14,0,12,12,8,6,21,0
28,0,15,0,0,23,8,15,22,13
28,2,13,0,4,18,7,20,22,15
28,2,14,0,1,23,9,21,23,13
28,0,15,0,2,26,9,11,17,10
28,0,19,0,0,26,9,14,15,18
28,0,15,0,3,33,8,13,22,9
28,0,6,0,6,14,8,0,13,0
28,0,5,1,7,14,6,0,14,0
28,0,10,0,5,12,4,4,14,0
28,1,8,0,5,12,11,0,9,12
28,0,12,1,8,7,12,5,14,13
28,0,11,0,9,12,4,7,14,12
28,0,10,0,7,14,12,4,11,0
28,0,7,0,7,13,10,8,17,0
28,0,9,0,8,13,7,4,13,0
28,0,12,3,7,14,10,8,12,0
28,0,17,0,12,11,13,0,14,10
28,1,16,1,6,11,8,0,12,8
28,3,15,0,9,9,10,0,8,14
28,2,11,0,5,12,16,0,13,2
28,2,10,0,6,16,15,0,12,0
28,0,17,0,6,11,21,0,12,1
28,6,8,0,9,14,10,5,13,0
28,13,2,0,10,15,10,6,13,0
28,2,5,0,12,14,12,8,14,0
28,3,12,5,4,13,4,0,16,0
28,0,20,5,7,9,9,0,14,1
28,1,18,0,8,11,9,0,17,0
28,0,7,0,8,13,9,11,22,0
29,10,9,0,14,9,5,4,0,9
29,10,10,0,14,12,2,2,0,12
29,12,5,0,10,12,2,0,0,11
29,9,12,0,14,9,5,12,0,15
29,12,9,0,14,11,3,5,0,13
29,13,8,0,10,10,4,0,0,12
29,8,15,0,16,2,12,0,0,14
29,9,14,0,10,2,12,0,0,16
29,11,12,0,8,6,8,0,0,13
29,11,8,0,13,12,2,0,0,11
29,11,4,0,14,14,0,7,2,12
29,11,0,0,18,10,0,8,10,12
29,14,10,0,13,5,9,0,0,11
29,12,10,0,14,5,9,3,0,11
29,10,10,0,14,7,7,6,0,8
29,7,12,0,14,3,11,12,0,7
29,9,9,0,14,8,6,3,0,11
29,10,8,0,14,12,2,9,0,11
29,7,12,0,14,11,3,9,0,13
29,12,8,0,7,11,3,0,0,13
29,7,12,0,17,5,9,6,0,14
29,6,11,0,15,7,7,11,0,12
29,3,18,0,16,3,11,11,0,18
29,10,7,0,14,8,6,4,0,10
29,13,5,0,14,10,4,3,0,10
29,6,7,0,14,10,4,6,0,10
29,11,7,0,14,9,5,6,0,10
29,11,8,0,14,8,6,11,0,14
29,15,7,0,14,9,5,4,0,12
29,11,10,0,14,9,5,3,0,11
29,8,12,2,14,7,7,12,0,11
29,2,18,1,15,0,17,0,0,9
29,6,12,0,17,3,11,0,0,9
29,4,15,0,11,1,13,0,0,11
29,13,10,0,10,9,5,0,0,11
29,11,9,0,14,8,6,0,0,10
29,10,7,0,17,13,1,0,0,12
29,13,12,0,14,2,12,4,0,0
29,10,3,0,14,11,9,9,0,5
29,8,3,0,14,11,7,7,0,9
29,9,7,0,14,8,6,4,0,9
29,4,12,0,23,6,8,0,0,15
29,4,14,0,23,4,10,8,0,16
29,0,12,0,24,4,11,15,0,9
29,10,11,0,8,9,5,0,0,12
29,12,9,0,5,11,3,0,0,13
29,10,10,0,10,8,6,0,0,11
29,12,14,0,14,1,13,7,0,10
29,12,10,0,14,4,10,12,0,10
29,16,4,0,14,12,5,11,0,10
29,13,7,0,14,10,4,5,0,12
29,11,9,0,14,7,7,10,0,11
29,7,13,0,14,5,9,11,0,12
29,3,17,6,14,0,14,12,0,0
29,12,7,0,20,7,17,10,0,0
29,9,14,2,15,0,19,16,0,0
29,19,2,0,12,14,0,0,5,13
29,8,14,3,14,0,9,11,0,0
29,4,15,0,14,1,13,10,0,7
29,9,12,0,14,2,11,8,0,0
30,12,20,6,14,24,21,14,17,12
30,11,22,7,16,18,20,12,28,15
30,11,13,19,18,14,26,13,33,15
30,11,6,23,14,8,19,20,14,21
30,12,19,28,14,5,22,20,7,4
30,12,8,27,14,6,15,24,13,17
30,12,10,21,20,9,23,15,22,20
30,12,8,21,18,10,23,13,16,20
30,15,13,17,18,8,25,14,29,14
30,11,23,5,14,27,7,15,31,12
30,12,22,7,14,26,6,15,31,12
30,12,20,10,14,25,9,15,33,13
30,12,34,9,14,4,10,15,21,21
30,11,27,19,14,0,14,18,17,21
30,11,28,20,14,0,14,19,15,22
30,11,9,24,14,3,14,17,24,17
30,12,25,12,20,20,4,12,31,11
30,13,14,26,20,6,15,16,25,21
30,14,27,13,17,21,0,20,33,15
30,11,10,27,14,11,16,14,11,13
30,12,24,25,14,0,14,18,11,19
30,12,21,32,14,2,14,17,12,14
30,15,11,18,21,11,22,18,22,28
30,13,12,13,18,12,24,24,31,14
30,13,10,17,18,12,22,18,24,17
30,12,34,18,14,14,0,16,19,13
30,12,30,24,14,4,10,14,18,12
30,12,19,28,14,9,10,14,22,13
30,11,11,15,22,14,23,20,24,8
30,13,13,13,22,14,20,11,30,15
30,12,12,14,16,15,23,21,32,7
30,11,17,28,14,6,14,21,19,18
30,9,13,32,14,8,18,17,19,17
30,11,16,30,14,11,22,16,24,9
30,10,28,16,14,16,24,18,11,7
30,11,25,13,14,8,24,17,15,14
30,10,14,20,14,10,19,16,16,17
30,11,34,14,14,6,22,15,24,5
30,12,35,12,14,18,12,18,23,0
30,7,35,3,14,19,11,18,19,0
30,12,27,15,14,19,8,15,14,5
30,11,26,11,14,14,0,17,19,13
30,12,23,22,14,18,6,13,11,7
30,13,19,5,14,18,4,21,17,13
30,11,6,19,14,5,23,19,7,13
30,12,7,27,14,5,9,22,15,12
30,8,22,15,14,1,24,15,20,6
30,10,13,24,14,6,24,20,13,2
30,13,14,27,14,13,26,24,13,8
30,12,11,26,14,9,21,22,17,10
30,12,18,27,14,5,25,22,16,10
30,12,26,16,14,7,23,21,12,0
30,11,25,14,14,3,21,23,28,3
30,11,25,14,14,13,19,20,23,3
30,9,5,19,14,3,23,21,22,0
30,13,10,21,14,4,25,16,26,2
30,10,18,9,14,22,16,23,27,0
30,13,16,8,14,27,8,15,29,13
30,12,22,32,14,0,14,13,23,14
30,12,18,9,14,24,8,16,28,13
31,8,23,6,12,26,12,19,24,3
31,4,24,11,5,26,13,23,28,12
31,4,23,5,6,27,8,23,25,12
31,13,30,10,8,27,9,12,31,10
31,13,24,11,6,26,8,13,31,12
31,13,23,11,8,27,10,13,27,11
31,10,24,8,10,26,8,26,25,12
31,9,23,11,12,26,11,26,25,12
31,6,25,12,7,27,11,27,25,13
31,12,24,6,11,27,6,22,25,13
31,8,24,5,11,27,3,26,24,11
31,11,22,0,13,27,2,17,27,11
31,14,28,8,9,26,4,26,24,13
31,10,31,9,10,26,4,27,25,12
31,13,28,7,10,26,4,25,26,12
31,12,23,10,4,26,7,2,32,12
31,8,23,1,12,26,7,10,28,12
31,11,23,6,10,26,4,15,27,11
31,10,24,11,10,33,5,10,19,7
31,11,27,10,10,24,0,26,21,12
31,6,24,9,6,28,6,26,24,12
31,7,24,10,6,38,4,27,14,12
31,13,24,9,12,26,13,4,31,9
31,12,25,12,10,26,13,8,30,9
31,11,24,13,12,27,12,8,32,12
31,13,29,10,7,27,5,14,28,15
31,5,23,4,17,30,1,21,26,12
31,16,30,8,9,27,5,20,25,10
31,11,24,7,12,26,6,13,27,12
31,13,25,5,12,26,5,12,30,13
31,12,24,9,10,27,9,13,26,13
31,10,15,8,11,40,13,19,28,9
31,6,17,9,15,24,10,22,38,11
31,11,30,11,9,27,11,25,28,11
31,11,24,6,5,38,7,26,13,18
31,12,26,8,10,40,11,24,11,16
31,11,26,4,4,39,6,26,13,16
31,10,24,8,12,26,6,14,31,11
31,10,24,10,12,35,12,19,22,12
31,11,24,6,12,26,11,24,29,12
31,8,25,6,13,26,10,15,29,12
31,5,24,7,13,26,12,12,31,8
31,2,25,11,6,27,7,24,30,11
31,8,25,13,13,36,10,24,16,16
31,12,24,12,9,26,4,28,17,3
31,3,23,11,6,38,12,26,10,13
31,12,23,3,12,26,2,24,21,12
31,6,24,3,12,26,8,19,27,12
31,6,23,8,10,27,12,26,20,13
31,8,22,10,15,28,12,14,28,11
31,14,25,9,11,27,12,14,26,13
31,15,23,9,14,26,13,19,25,12
31,12,24,7,7,31,10,16,20,0
31,12,25,12,7,27,1,11,29,11
31,13,27,10,12,27,11,20,25,12
31,10,25,7,13,26,10,15,25,12
31,13,25,6,13,26,5,17,26,12
31,13,22,2,13,26,3,18,25,12
31,14,23,1,13,31,12,22,20,7
31,13,21,0,12,38,20,19,15,0
32,8,15,3,10,13,14,16,20,16
32,5,16,6,17,26,25,13,8,5
32,7,12,5,18,17,14,12,15,17
32,4,24,0,10,26,11,22,14,14
32,1,16,11,9,25,8,23,9,19
32,3,20,3,5,16,2,26,15,22
32,13,19,0,5,27,25,21,13,9
32,8,15,12,12,30,16,14,15,0
32,7,16,10,0,18,0,27,28,13
32,8,22,1,16,22,19,11,9,9
32,8,22,0,27,19,24,3,14,0
32,11,22,1,28,21,23,0,12,1
32,10,19,0,13,26,12,21,8,15
32,13,18,0,11,22,9,17,18,14
32,12,21,3,21,22,10,10,10,13
32,6,18,0,11,20,10,16,12,14
32,4,13,0,22,18,15,6,13,6
32,7,16,1,21,23,20,6,14,2
32,12,20,5,9,26,6,19,10,21
32,12,14,14,6,18,7,21,13,21
32,12,17,9,9,27,7,19,11,19
32,8,24,4,1,13,10,29,23,18
32,7,22,4,4,19,6,28,19,16
32,6,18,10,17,19,14,12,15,15
32,8,18,10,11,22,15,21,19,17
32,7,18,7,16,27,21,15,17,6
32,10,15,0,0,23,16,26,17,13
32,13,17,0,0,14,4,24,24,17
32,11,13,4,22,19,20,15,9,7
32,12,12,0,13,25,16,20,3,19
32,7,15,1,12,26,17,20,6,19
32,4,22,1,11,24,23,13,10,7
32,4,20,7,9,26,17,18,9,13
32,8,20,1,8,25,19,20,16,9
32,12,18,0,9,33,9,23,18,8
32,13,17,8,9,26,18,19,15,9
32,12,23,2,9,30,17,19,19,4
32,12,26,4,3,26,24,17,13,9
32,10,26,3,10,26,24,21,15,9
32,11,23,1,7,26,24,20,12,9
32,14,13,0,0,14,6,20,21,17
32,11,11,0,1,24,6,23,9,17
32,11,12,0,2,26,11,25,9,18
32,13,14,7,15,26,21,12,13,8
32,11,14,5,9,8,15,15,24,24
32,8,15,4,0,11,5,26,24,14
32,9,20,0,9,18,8,26,14,17
32,13,23,1,2,25,30,16,10,20
32,11,22,0,4,24,29,21,6,16
32,12,21,4,7,26,32,23,6,11
32,6,24,0,0,14,1,29,19,20
32,7,14,20,0,8,6,29,21,23
32,6,14,19,0,6,10,29,23,20
32,11,22,0,8,22,3,20,19,17
32,10,24,0,10,25,6,20,6,19
32,8,14,14,11,25,9,20,4,17
32,5,14,17,10,22,10,19,4,16
32,4,23,1,12,26,26,22,9,21
32,10,31,6,14,17,27,20,7,15
32,8,18,7,9,26,27,22,11,14
33,12,25,5,32,1,4,11,14,11
33,13,23,5,24,11,5,6,16,12
33,19,16,7,28,4,12,10,14,8
33,22,10,0,29,9,15,0,20,15
33,22,9,0,31,7,14,2,21,13
33,21,9,5,25,5,8,13,19,14
33,13,23,3,14,20,24,20,15,13
33,23,6,0,28,12,27,16,18,10
33,23,7,0,31,13,26,17,15,15
33,23,7,0,24,0,3,9,14,20
33,22,9,0,21,6,5,0,15,17
33,11,18,0,30,0,8,4,16,15
33,22,8,0,33,0,6,12,14,15
33,19,8,1,33,0,6,14,14,8
33,23,7,1,31,0,5,12,14,14
33,13,23,0,16,13,0,0,22,12
33,14,19,0,8,15,0,0,20,12
33,13,24,2,11,16,0,0,20,9
33,22,3,0,11,22,4,18,18,15
33,21,21,2,16,10,14,15,16,10
33,17,25,4,14,16,12,0,20,11
33,18,25,8,15,14,10,13,18,13
33,27,6,0,26,1,21,22,14,14
33,27,7,0,24,3,26,20,14,16
33,27,8,0,27,0,23,18,14,19
33,26,9,5,21,5,9,8,15,14
33,27,4,6,24,0,10,11,14,17
33,25,4,7,30,0,9,12,14,15
33,19,20,3,11,13,30,7,23,14
33,29,7,0,27,0,21,11,14,22
33,21,7,0,26,0,25,10,14,23
33,22,11,5,36,0,11,7,15,14
33,20,14,5,35,0,14,9,15,8
33,13,20,10,34,0,9,11,15,6
33,24,4,0,27,11,17,19,16,12
33,25,4,3,32,8,15,16,14,14
33,22,5,0,34,0,26,19,14,16
33,21,7,0,36,0,11,12,14,14
33,23,7,0,34,0,17,11,14,13
33,17,13,0,17,13,12,1,19,17
33,9,21,0,13,20,6,15,17,11
33,9,14,0,18,15,9,9,18,15
33,14,18,3,12,17,11,10,20,12
33,14,20,4,10,18,9,6,19,13
33,12,20,0,8,13,12,12,14,10
33,12,22,9,10,20,9,0,17,6
33,12,24,9,13,20,8,0,19,6
33,12,24,8,15,17,10,0,20,5
33,13,24,2,6,24,7,6,16,17
33,12,24,1,8,24,5,5,17,17
33,13,23,4,8,22,8,8,19,15
33,23,4,3,30,0,4,8,14,16
33,22,6,6,28,0,5,6,15,14
33,23,3,7,32,0,5,3,17,14
33,24,7,0,18,3,2,24,18,16
33,24,5,0,18,0,3,24,17,13
33,22,5,0,14,0,6,29,14,16
33,24,5,3,23,7,10,27,16,14
33,18,5,2,27,9,0,27,10,12
33,23,5,4,25,9,4,26,11,12
34,11,12,0,15,33,21,23,14,7
34,11,1,12,22,26,19,25,18,9
34,9,0,11,24,23,23,21,21,10
34,10,12,0,23,26,18,24,12,13
34,10,13,0,13,35,19,23,14,13
34,13,7,2,22,31,16,17,12,13
34,10,17,8,28,18,14,12,10,12
34,9,20,5,25,19,16,12,6,12
34,12,18,3,25,18,17,14,14,14
34,11,23,6,23,17,14,22,16,12
34,10,22,5,19,20,15,25,15,13
34,10,23,7,14,25,14,24,6,14
34,10,22,6,26,16,14,26,5,13
34,8,21,9,23,17,14,31,10,11
34,9,24,8,29,10,14,33,3,10
34,12,5,0,21,26,13,22,20,12
34,12,6,0,22,25,18,24,9,13
34,12,18,2,25,17,16,26,8,12
34,9,12,0,20,26,13,22,22,14
34,11,11,1,11,33,14,23,17,13
34,12,6,6,20,32,18,20,15,11
34,7,8,5,19,32,16,21,13,18
34,8,13,0,21,30,16,18,9,17
34,7,15,0,23,29,12,18,11,17
34,12,21,11,21,20,14,27,5,7
34,11,15,10,27,16,14,24,12,3
34,10,8,0,22,26,20,27,12,5
34,11,0,13,18,29,19,22,22,6
34,12,0,7,17,21,25,22,24,9
34,13,0,10,16,23,28,22,22,8
34,11,16,14,22,28,14,14,8,12
34,11,22,8,24,18,14,11,6,10
34,7,19,10,21,22,17,17,4,14
34,19,25,11,25,14,14,23,18,1
34,16,23,12,26,14,13,26,15,0
34,14,21,7,27,14,14,26,14,6
34,4,15,0,26,25,18,18,10,12
34,8,25,3,27,16,15,17,9,12
34,7,16,1,26,20,18,19,14,12
34,9,14,0,26,22,18,16,14,9
34,9,15,4,20,23,15,21,20,3
34,11,15,7,24,22,14,27,20,3
34,5,13,9,14,33,14,14,18,14
34,7,5,16,12,29,14,12,24,14
34,13,10,8,20,25,15,17,22,13
34,12,7,4,22,29,16,20,7,13
34,6,5,15,19,23,18,13,15,15
34,11,10,20,17,20,22,20,20,16
34,11,11,21,21,21,14,19,14,18
34,13,21,10,20,18,10,16,17,0
34,11,23,11,21,19,6,22,8,0
34,14,24,6,21,20,10,23,12,3
34,13,21,8,27,14,14,12,16,2
34,16,23,8,26,14,14,14,13,5
34,5,16,4,22,24,17,12,4,12
34,9,0,11,21,29,20,20,15,10
34,8,4,8,20,33,16,17,3,11
34,7,12,0,18,26,14,22,21,14
34,10,11,0,19,24,16,28,20,13
34,9,14,0,26,22,18,16,14,9
35,19,15,0,24,14,2,12,14,12
35,14,19,0,24,14,5,7,14,12
35,25,29,0,14,0,5,9,14,16
35,21,18,0,36,9,10,11,14,17
35,25,14,0,31,10,6,10,14,17
35,13,23,0,34,9,5,14,18,18
35,12,23,6,20,17,8,5,14,11
35,12,23,8,9,25,12,0,19,11
35,12,22,11,17,18,11,12,14,9
35,12,22,11,17,18,11,12,14,9
35,12,21,1,24,14,0,12,14,16
35,13,20,0,25,14,1,10,14,16
35,29,7,0,17,17,7,5,16,18
35,36,10,0,29,16,6,7,14,16
35,28,17,0,27,18,8,10,14,16
35,17,24,0,29,11,6,10,14,18
35,13,12,0,38,21,7,13,14,18
35,22,16,0,33,7,6,13,14,18
35,0,7,4,20,37,21,0,20,11
35,10,15,22,12,26,6,0,22,12
35,10,19,9,13,25,2,9,15,12
35,11,25,4,12,27,5,0,15,12
35,15,20,2,24,15,3,0,18,12
35,13,24,1,11,26,2,0,16,12
35,25,7,0,35,10,11,6,14,18
35,30,8,0,29,8,8,10,14,17
35,17,22,0,17,25,5,0,17,18
35,28,14,1,22,14,9,4,15,18
35,20,17,3,25,14,2,6,14,13
35,12,25,7,11,27,8,0,19,13
35,13,23,8,11,27,5,0,18,12
35,20,12,0,34,8,11,13,14,15
35,20,17,0,31,7,10,10,14,16
35,25,6,0,34,6,9,9,14,15
35,9,25,4,32,15,5,12,14,12
35,10,22,7,26,14,12,16,14,3
35,12,19,0,23,13,5,10,14,17
35,12,23,0,21,17,5,3,18,12
35,9,21,0,12,27,2,0,18,13
35,12,22,0,13,26,0,0,16,12
35,9,23,3,22,17,7,8,14,12
35,7,11,0,15,38,16,0,21,13
35,5,20,2,13,26,14,8,15,12
35,7,23,4,23,14,12,14,9,0
35,5,22,12,23,12,9,16,14,7
35,8,23,6,22,12,12,19,14,4
35,10,23,10,16,21,9,7,15,11
35,7,23,3,13,25,3,4,17,11
35,4,19,8,12,25,11,7,16,11
35,0,12,0,23,27,3,10,14,12
35,0,9,3,18,34,5,9,14,11
35,0,11,0,20,36,10,5,16,11
35,14,18,4,32,18,2,0,21,13
35,20,7,2,32,24,2,6,14,12
35,21,6,0,24,2,0,10,14,11
35,12,2,0,34,1,2,8,14,13
35,22,0,0,22,0,0,10,14,13
35,0,12,0,28,30,8,10,14,10
35,0,10,0,29,28,2,7,15,11
35,0,12,0,29,17,0,11,14,10
36,16,17,15,17,2,9,2,10,0
36,19,18,17,14,0,8,4,10,0
36,20,21,17,14,4,7,13,0,0
36,9,29,11,22,7,16,0,13,10
36,4,26,9,14,20,20,0,6,6
36,6,29,14,17,14,18,0,9,10
36,7,17,16,16,12,9,0,13,0
36,3,21,17,24,0,7,5,7,0
36,3,12,11,19,11,10,5,12,0
36,12,20,23,15,6,9,0,13,0
36,14,17,24,21,0,8,0,13,0
36,17,15,29,18,0,11,3,10,0
36,7,20,11,25,2,7,0,13,0
36,7,23,9,29,1,10,3,10,0
36,0,29,13,13,21,9,0,12,0
36,10,14,10,25,22,24,1,10,0
36,8,19,1,12,32,24,0,13,0
36,10,19,0,25,16,22,1,13,7
36,10,24,10,25,9,22,1,11,0
36,11,24,8,23,17,24,0,14,0
36,5,16,17,19,9,3,6,12,0
36,10,24,23,12,13,2,0,9,4
36,3,10,18,24,4,10,4,13,0
36,5,10,16,18,11,12,0,13,0
36,6,14,17,21,5,9,1,12,0
36,6,21,18,20,20,16,0,8,7
36,10,21,18,19,17,15,0,7,8
36,14,20,21,22,17,13,0,8,3
36,12,9,13,19,10,13,0,16,0
36,18,14,20,25,2,7,3,16,1
36,11,14,22,21,2,4,0,16,10
36,12,29,8,22,11,18,0,12,0
36,14,22,5,22,19,23,0,12,0
36,10,23,10,26,13,17,10,4,0
36,14,21,15,16,13,5,0,13,0
36,20,20,16,17,6,2,0,13,0
36,20,23,15,9,12,0,0,3,10
36,11,18,16,14,9,2,0,13,0
36,13,18,16,17,5,4,0,13,0
36,13,19,15,21,1,2,0,12,0
36,8,11,18,17,15,8,0,13,0
36,9,10,17,14,15,2,0,11,4
36,8,6,18,15,18,5,0,13,0
36,0,19,16,11,19,8,4,0,13
36,2,19,17,13,10,8,0,0,13
36,4,20,19,11,14,4,0,12,0
36,0,12,11,3,25,0,12,0,9
36,0,16,13,4,22,0,13,3,7
36,6,16,15,6,20,6,13,11,0
36,12,18,18,24,4,14,2,13,2
36,2,12,15,9,19,6,13,12,0
36,0,9,14,17,12,9,10,13,0
36,6,9,16,20,10,0,7,10,7
36,8,12,16,19,12,0,0,4,12
36,14,13,19,23,4,0,2,11,2
36,13,26,24,7,14,3,0,13,0
36,9,28,20,6,15,6,0,13,0
36,7,18,21,17,6,4,0,13,1
36,8,17,27,17,6,5,0,9,4
36,9,17,28,17,4,4,0,12,1
37,4,21,7,24,18,14,12,14,8
37,5,24,8,24,14,14,8,19,11
37,5,27,6,21,14,14,11,22,10
37,13,30,8,30,15,15,0,24,4
37,11,22,14,17,15,30,0,13,0
37,12,28,12,18,26,17,0,13,0
37,7,21,5,25,18,15,5,22,11
37,6,15,6,23,22,15,9,21,9
37,4,1,11,19,16,30,9,20,12
37,11,23,14,25,10,31,2,5,7
37,12,24,15,21,23,16,3,12,0
37,11,24,13,23,15,25,2,9,4
37,5,21,4,25,18,15,15,9,9
37,1,21,6,25,17,14,13,12,12
37,3,22,7,26,16,14,10,13,12
37,8,15,4,21,23,16,6,14,11
37,7,18,7,25,18,16,7,5,11
37,10,24,6,25,9,15,3,13,9
37,6,6,12,24,21,31,2,25,12
37,10,17,10,27,25,15,1,29,9
37,10,26,2,26,18,17,3,26,11
37,10,26,2,26,18,17,3,26,11
37,15,23,13,18,19,17,0,12,0
37,13,23,12,22,17,18,0,13,0
37,12,23,7,20,15,14,0,10,12
37,15,25,10,22,12,14,0,6,11
37,11,9,0,21,22,18,0,0,15
37,9,11,27,20,8,30,0,6,9
37,12,13,28,20,6,27,4,7,10
37,9,19,20,17,9,22,0,16,0
37,5,18,17,21,6,25,8,14,5
37,10,24,11,15,13,15,0,9,23
37,15,23,11,11,14,14,0,28,8
37,10,23,10,17,11,17,1,16,15
37,8,13,18,24,16,23,4,23,8
37,9,28,8,30,15,14,4,26,8
37,8,21,6,28,21,15,4,26,8
37,12,22,8,24,19,15,2,16,5
37,3,25,8,26,14,14,3,17,8
37,4,24,10,25,14,14,2,22,9
37,11,23,12,27,14,14,6,4,17
37,12,23,10,27,1,14,6,0,13
37,8,18,14,26,2,15,6,3,13
37,14,24,3,16,14,14,1,12,3
37,15,24,6,11,14,14,0,13,1
37,9,25,3,16,14,15,3,10,4
37,8,25,9,28,6,14,10,0,13
37,14,25,12,25,4,14,12,0,5
37,11,21,13,26,12,14,13,0,6
37,11,25,7,28,14,14,13,13,10
37,3,12,11,26,11,22,14,10,15
37,4,0,11,26,19,25,11,5,13
37,6,9,21,14,17,26,4,18,14
37,9,5,10,18,21,25,11,12,17
37,6,23,8,27,14,14,14,0,7
37,5,24,9,23,14,14,11,2,12
37,5,13,16,26,5,23,11,0,10
37,6,22,4,27,14,14,8,2,13
37,8,24,6,24,10,14,4,0,12
37,10,23,5,23,14,14,3,0,13
38,0,11,5,0,20,1,25,24,13
38,0,21,8,0,14,0,28,21,12
38,0,11,0,0,21,10,24,20,10
38,4,19,13,0,14,0,30,14,7
38,0,24,8,4,25,12,25,13,0
38,0,21,13,9,25,0,22,11,6
38,0,21,7,6,21,5,23,13,12
38,2,22,7,0,14,0,27,21,12
38,0,20,4,0,17,0,25,22,11
38,0,15,4,0,18,0,27,24,12
38,0,19,6,0,14,0,28,25,13
38,0,20,9,0,14,0,28,22,13
38,0,19,6,0,14,0,28,21,13
38,7,17,12,2,26,12,22,15,0
38,11,14,6,1,13,0,25,23,12
38,0,21,9,6,26,12,20,12,0
38,1,24,4,0,14,0,27,24,11
38,0,24,2,0,14,0,27,25,14
38,2,25,3,0,14,0,28,22,12
38,1,19,12,6,26,12,20,10,0
38,0,18,12,8,27,9,19,14,0
38,0,18,6,9,27,13,17,13,0
38,4,19,6,9,15,0,19,22,11
38,16,14,6,17,19,3,19,12,8
38,0,21,11,11,18,0,17,20,9
38,0,19,9,3,26,3,25,9,13
38,0,22,6,7,26,6,24,8,12
38,0,20,8,8,27,5,23,8,9
38,9,19,3,0,14,0,30,22,12
38,9,21,7,0,14,0,28,23,11
38,4,11,8,0,24,0,26,23,11
38,0,19,2,0,14,0,26,20,11
38,0,12,0,0,22,13,26,22,10
38,0,20,2,0,14,0,28,19,13
38,0,22,11,0,14,0,32,15,12
38,11,14,12,16,2,0,30,12,12
38,0,22,13,1,13,0,32,14,9
38,0,14,9,0,19,2,25,25,10
38,0,21,10,0,14,0,25,25,10
38,4,21,5,0,14,0,30,18,11
38,0,25,13,11,3,0,32,14,6
38,0,20,12,0,14,0,29,18,12
38,0,18,13,0,14,0,27,16,12
38,0,16,13,0,14,0,24,17,6
38,0,17,9,1,13,4,12,14,2
38,12,0,0,16,14,4,25,14,12
38,0,12,0,6,35,6,23,15,9
38,5,6,0,0,25,12,25,21,15
38,11,0,0,14,14,1,29,14,13
38,0,21,4,0,14,0,27,18,13
38,0,20,1,6,10,1,32,14,12
38,14,14,6,6,8,0,28,20,13
38,15,14,11,8,6,0,27,21,12
38,0,24,11,0,14,0,27,20,11
38,15,15,7,10,4,0,32,14,13
38,0,21,11,1,27,1,26,13,10
38,5,19,12,6,26,3,22,11,7
38,12,14,11,11,15,11,32,1,0
38,4,18,13,2,26,9,26,9,0
38,2,21,12,3,26,9,23,11,0
39,11,5,0,17,14,15,10,14,14
39,4,9,0,21,19,12,6,14,15
39,8,9,0,22,14,12,6,14,16
39,1,13,12,17,14,16,3,14,15
39,4,11,4,19,14,13,2,14,18
39,1,10,9,19,14,11,3,14,20
39,21,7,0,22,14,13,7,14,14
39,21,3,0,23,14,11,7,14,16
39,18,7,0,21,14,12,5,12,25
39,16,12,0,22,14,17,9,14,12
39,16,12,0,12,14,20,13,14,11
39,13,14,2,13,14,17,13,14,14
39,7,9,11,17,14,10,2,14,12
39,9,5,10,16,14,13,4,14,12
39,8,9,7,13,14,14,12,14,12
39,22,10,0,23,14,13,13,14,13
39,20,9,0,22,14,9,9,14,16
39,17,18,0,22,14,9,8,14,17
39,0,13,7,19,15,16,2,12,10
39,10,14,10,15,14,12,11,14,13
39,5,14,8,15,14,13,8,14,12
39,11,14,2,15,14,12,5,14,13
39,11,14,3,11,14,15,0,12,14
39,8,13,4,13,14,15,0,13,12
39,7,13,8,15,14,15,6,14,10
39,25,8,0,21,14,15,3,14,14
39,26,9,0,23,14,15,2,9,13
39,24,14,0,15,14,15,2,14,11
39,12,12,0,19,14,15,0,10,12
39,10,11,10,18,14,14,4,14,10
39,11,13,3,16,14,16,0,13,10
39,24,3,0,20,14,10,2,14,16
39,24,1,0,20,14,10,8,14,15
39,19,11,0,22,14,10,6,14,15
39,20,11,0,18,14,11,9,14,15
39,11,24,6,18,14,9,12,14,16
39,11,21,0,13,14,12,11,14,15
39,4,10,2,15,14,17,8,14,10
39,2,5,7,17,14,14,8,14,13
39,5,4,3,15,14,16,3,14,11
39,6,0,12,14,14,10,8,14,9
39,8,5,13,13,14,7,12,14,6
39,7,5,13,12,14,15,11,14,10
39,0,4,18,11,16,4,12,14,5
39,7,0,14,17,15,1,11,15,4
39,0,5,15,13,16,5,12,14,11
39,5,11,0,16,14,14,7,14,15
39,4,19,3,6,5,16,16,14,14
39,8,21,2,8,1,16,14,14,15
39,16,13,0,13,14,11,10,14,14
39,7,21,9,13,14,8,12,14,14
39,2,24,13,19,14,8,12,14,11
39,1,22,10,12,17,15,9,14,9
39,0,14,2,19,17,15,0,10,11
39,12,8,0,18,14,15,0,6,13
39,11,13,0,16,14,17,1,14,13
39,8,8,5,14,14,14,1,14,12
39,8,19,5,13,14,14,11,14,12
39,0,15,13,0,2,15,12,14,11
39,0,7,9,0,12,18,11,14,10
40,19,14,16,13,0,14,0,11,6
40,20,14,12,11,0,14,0,10,5
40,19,14,11,5,0,14,0,13,3
40,12,0,12,7,0,14,10,14,2
40,10,0,15,6,0,14,0,14,5
40,9,0,11,3,0,14,11,14,0
40,11,0,8,13,3,14,0,8,8
40,12,0,11,11,4,14,0,11,6
40,9,0,11,10,0,14,0,8,7
40,12,0,11,14,2,14,0,0,11
40,10,0,11,8,2,14,0,0,15
40,11,0,12,12,0,14,0,3,12
40,18,14,13,17,0,14,2,14,8
40,17,14,11,19,0,14,6,14,9
40,12,13,11,22,1,14,2,14,11
40,10,0,12,10,0,14,0,1,12
40,8,0,12,7,0,14,0,13,2
40,12,0,12,1,0,14,0,0,13
40,11,0,12,15,3,14,0,0,12
40,11,0,11,19,1,14,0,0,13
40,11,0,11,19,1,14,0,4,9
40,14,14,11,22,0,14,0,12,6
40,10,14,12,26,1,14,0,7,13
40,11,14,14,19,3,14,0,8,12
40,15,14,18,22,0,14,4,8,6
40,13,14,21,24,0,14,1,14,1
40,14,14,19,11,0,14,0,10,4
40,10,0,11,4,0,14,0,7,9
40,12,15,13,17,0,14,2,14,7
40,15,13,12,15,3,14,3,14,6
40,15,12,12,18,5,14,0,13,10
40,19,14,16,8,0,14,0,11,4
40,18,14,14,15,0,14,0,6,8
40,19,14,13,9,0,14,0,10,7
40,12,0,12,2,0,14,0,0,13
40,7,0,11,2,0,14,0,7,7
40,10,0,10,3,0,14,0,4,8
40,8,0,12,6,0,14,0,0,12
40,7,0,12,12,0,14,0,0,13
40,7,0,12,11,0,14,0,0,14
40,11,12,13,26,2,14,3,8,8
40,11,0,12,6,6,11,11,11,0
40,11,0,11,7,0,14,9,14,0
40,11,0,12,6,7,12,11,12,0
40,5,0,13,12,0,14,0,3,11
40,5,0,12,14,0,14,0,5,7
40,4,0,11,13,4,14,0,5,9
40,9,0,11,8,0,14,7,14,5
40,11,0,14,5,0,14,5,14,2
40,16,14,10,17,0,14,2,13,4
40,22,14,12,10,0,15,0,13,1
40,18,14,11,12,0,14,1,14,4
40,10,2,12,10,0,14,0,10,10
40,18,2,14,0,0,14,0,10,8
40,9,7,11,13,0,14,0,8,9
40,10,0,7,15,5,14,0,0,15
40,10,0,11,14,0,14,0,4,13
40,10,0,11,8,0,14,0,1,17
40,14,0,12,2,0,14,7,14,3
40,10,0,11,0,0,14,5,14,1
41,9,37,9,12,4,14,26,20,10
41,4,18,19,3,14,17,26,18,12
41,6,25,16,1,9,15,27,18,12
41,9,28,7,18,14,17,27,22,12
41,0,23,17,6,14,16,26,22,12
41,0,21,20,17,18,17,20,23,12
41,7,27,2,21,15,15,5,25,14
41,12,24,10,10,18,15,23,21,11
41,13,27,2,14,15,16,10,27,14
41,11,26,2,11,17,16,10,24,12
41,12,23,6,9,15,15,0,21,17
41,10,24,3,10,16,13,8,28,14
41,8,26,13,0,9,18,25,26,10
41,7,27,1,2,12,16,24,28,16
41,9,30,8,5,7,17,26,28,13
41,11,37,2,12,4,17,13,28,19
41,13,37,7,10,2,15,6,28,24
41,9,39,8,11,2,15,9,28,19
41,14,33,4,2,0,15,30,14,12
41,6,26,3,4,13,18,27,14,13
41,3,29,9,0,0,14,28,14,13
41,16,34,2,5,4,15,15,28,21
41,14,36,9,0,0,15,24,28,16
41,7,36,3,0,0,15,26,27,13
41,13,28,11,20,14,13,25,25,16
41,3,18,18,3,22,8,28,23,12
41,7,26,10,13,16,19,15,25,14
41,8,27,7,14,14,19,16,25,14
41,3,28,12,13,14,17,4,28,13
41,13,27,5,7,14,16,0,29,16
41,13,28,10,9,14,16,5,28,16
41,12,24,17,9,16,15,1,29,13
41,11,36,9,9,1,15,25,22,12
41,8,25,17,7,10,19,27,21,11
41,4,18,17,2,14,19,29,16,11
41,18,37,4,4,4,18,24,25,11
41,12,26,9,0,9,19,14,24,12
41,9,26,3,10,14,15,26,20,14
41,7,23,4,3,16,16,29,14,15
41,15,40,5,5,0,16,28,14,12
41,13,25,2,11,17,13,17,26,14
41,10,27,21,3,14,17,25,21,14
41,1,21,21,0,9,17,26,22,14
41,1,23,22,0,16,17,27,20,15
41,13,34,7,0,0,14,10,23,14
41,21,38,3,0,0,15,21,19,13
41,17,33,6,0,0,15,26,21,12
41,13,24,9,10,15,16,0,27,17
41,13,21,20,7,21,15,0,25,19
41,13,18,20,4,24,9,19,20,9
41,12,34,6,0,1,16,20,21,7
41,13,23,13,13,19,16,24,28,18
41,10,25,19,16,17,17,19,28,18
41,9,28,17,13,14,19,28,28,15
41,20,42,13,4,0,16,11,28,15
41,22,41,3,0,0,17,10,28,20
41,24,41,7,0,0,17,11,28,19
41,15,31,1,9,7,17,0,19,22
41,14,29,2,9,5,17,0,20,23
41,14,38,5,8,0,15,0,29,19
42,12,22,4,18,22,2,20,6,12
42,11,26,3,13,21,8,10,20,13
42,11,21,0,11,30,0,20,13,11
42,13,0,0,28,20,0,14,11,12
42,13,0,0,34,14,12,16,0,18
42,15,0,0,33,24,0,13,11,12
42,17,11,7,29,7,14,23,4,21
42,12,3,5,30,18,14,26,9,17
42,15,0,0,34,23,8,29,16,13
42,17,10,0,34,4,14,12,0,24
42,24,14,1,27,0,14,13,0,22
42,23,13,0,26,14,0,13,10,16
42,12,23,18,16,14,14,0,11,19
42,14,9,8,22,16,14,0,22,12
42,19,13,14,17,19,14,0,10,22
42,12,15,0,33,3,19,11,5,20
42,20,8,1,17,16,14,25,0,24
42,18,18,10,21,4,14,30,0,25
42,17,12,3,22,9,18,26,0,19
42,16,20,5,14,8,14,12,0,18
42,5,24,4,15,14,14,0,13,16
42,10,23,3,20,9,14,12,0,19
42,10,17,11,10,29,14,19,12,16
42,14,24,1,5,35,15,18,14,19
42,17,17,3,20,17,10,23,0,21
42,2,22,3,20,14,14,0,13,18
42,9,19,6,18,17,14,0,12,16
42,7,22,5,13,15,14,0,12,19
42,12,9,6,25,9,14,24,2,19
42,13,12,6,27,3,14,26,6,22
42,12,9,5,31,9,14,24,3,18
42,12,10,0,28,4,14,18,0,16
42,18,10,3,25,4,14,13,12,13
42,10,11,4,29,3,14,12,0,18
42,22,14,0,26,14,14,13,0,22
42,20,13,0,25,14,16,12,0,20
42,25,2,0,26,14,12,13,0,20
42,13,0,0,36,16,13,12,0,23
42,11,0,0,42,17,13,10,0,18
42,11,0,0,37,14,9,17,0,23
42,14,3,1,23,22,13,13,11,6
42,12,3,4,27,14,20,19,5,9
42,16,8,0,29,29,11,13,10,2
42,18,22,14,6,14,28,0,16,25
42,5,27,0,19,28,3,13,11,11
42,7,21,0,13,30,3,9,10,9
42,2,13,0,20,34,6,0,24,10
42,12,4,0,30,21,4,2,18,15
42,11,0,0,29,22,9,20,0,20
42,3,11,0,28,24,0,12,8,13
42,12,0,0,39,17,0,16,10,12
42,21,0,0,30,22,0,11,13,14
42,17,0,0,25,21,8,9,9,25
42,18,3,0,31,15,10,13,10,12
42,4,12,0,23,26,19,0,12,12
42,3,11,5,19,26,15,6,11,11
42,5,12,4,24,23,14,5,11,9
42,18,6,6,32,8,14,14,0,16
42,0,12,3,21,29,17,0,13,7
42,18,0,4,32,14,14,13,0,14
43,4,25,7,12,17,18,0,10,15
43,6,27,13,12,11,14,4,14,9
43,4,32,8,9,3,15,11,14,11
43,0,23,10,17,16,15,0,14,16
43,3,27,0,22,15,16,0,10,15
43,7,31,1,14,8,19,4,14,13
43,6,23,0,16,17,12,0,11,17
43,8,22,10,12,20,12,0,13,16
43,10,24,2,14,20,11,0,12,16
43,10,26,1,8,18,18,13,14,12
43,11,25,0,12,14,18,12,14,12
43,5,27,6,5,14,19,13,14,12
43,17,26,0,12,4,18,10,14,13
43,17,35,5,7,0,15,7,14,13
43,11,34,4,11,1,16,6,14,13
43,8,24,5,2,15,17,13,14,13
43,0,25,1,2,14,18,13,14,13
43,8,24,0,5,15,18,13,14,13
43,17,31,0,7,11,15,0,14,17
43,9,31,4,0,0,14,15,14,17
43,13,27,5,0,0,14,12,14,14
43,7,26,8,16,17,13,9,14,15
43,9,21,15,16,21,11,6,14,17
43,4,25,9,17,17,11,9,14,15
43,23,27,2,4,0,15,9,14,14
43,11,32,1,10,2,17,5,14,11
43,15,36,6,6,0,15,4,14,11
43,13,22,18,8,19,14,0,13,13
43,12,19,13,4,21,15,0,13,13
43,13,15,21,1,22,14,10,14,13
43,5,33,12,0,0,14,12,14,13
43,14,41,6,0,0,17,12,14,12
43,13,36,5,9,6,18,9,14,11
43,5,23,9,5,13,19,12,14,13
43,10,20,0,15,17,14,7,14,14
43,8,20,0,14,18,13,3,14,15
43,8,22,0,15,19,11,2,14,16
43,7,22,5,7,16,15,11,14,15
43,14,32,5,11,0,15,8,14,14
43,11,24,1,13,14,17,10,14,13
43,13,25,0,12,14,17,7,14,13
43,9,27,5,16,15,16,9,14,13
43,14,19,0,15,14,15,5,14,14
43,10,27,5,7,15,20,9,14,10
43,6,26,8,10,16,20,11,14,12
43,2,31,21,2,4,16,10,14,11
43,5,21,12,2,14,19,10,14,10
43,4,32,14,3,3,14,11,14,10
43,12,31,4,12,8,17,8,14,9
43,16,34,8,0,0,14,2,14,14
43,17,36,3,3,0,14,6,14,12
43,17,38,4,0,0,15,6,14,12
43,13,36,8,0,0,17,6,14,14
43,2,26,1,7,11,17,12,14,10
43,24,40,1,3,0,17,0,14,14
43,21,34,6,2,0,14,0,10,14
43,23,37,8,0,0,15,1,14,12
43,13,37,4,4,0,15,13,14,12
43,17,37,4,3,0,15,12,14,16
43,6,35,5,3,0,15,11,14,13
44,10,26,12,14,16,14,7,14,8
44,11,25,11,11,16,14,10,14,11
44,8,22,13,11,18,14,10,13,12
44,13,7,9,34,7,14,14,0,13
44,12,11,11,38,3,14,13,0,12
44,12,8,13,32,6,14,10,1,13
44,16,7,11,29,7,14,18,0,2
44,12,12,14,24,10,14,13,0,6
44,15,11,15,24,11,14,13,1,9
44,17,8,10,29,11,18,33,4,12
44,15,6,5,29,10,15,23,4,12
44,22,3,0,19,19,17,25,3,13
44,19,14,7,26,0,14,13,9,13
44,18,12,2,27,2,17,13,5,14
44,20,14,11,25,0,14,13,9,10
44,19,12,9,28,3,14,0,13,14
44,25,14,14,21,0,14,11,2,12
44,22,14,13,23,0,14,9,3,11
44,12,3,8,25,16,15,3,13,7
44,2,21,9,21,16,14,0,13,9
44,0,17,10,22,19,14,2,14,12
44,10,18,0,7,26,16,15,17,18
44,11,19,0,16,24,19,15,17,17
44,10,16,0,17,22,15,17,18,17
44,25,11,11,24,6,14,11,3,11
44,11,14,0,18,21,22,27,2,14
44,21,11,0,21,16,18,24,3,13
44,24,12,0,25,14,20,18,9,15
44,28,14,9,18,0,15,13,0,11
44,26,14,15,16,0,14,12,7,11
44,23,14,8,16,0,17,12,3,13
44,24,6,5,20,9,15,21,6,10
44,20,0,0,18,14,18,25,5,13
44,23,1,0,18,14,19,23,4,14
44,12,2,0,35,12,21,13,7,10
44,12,3,5,33,11,16,13,2,12
44,12,8,7,29,6,14,12,6,12
44,16,0,0,29,14,17,11,4,14
44,21,4,0,24,10,17,8,0,14
44,23,4,5,24,10,16,10,0,13
44,10,20,12,17,17,14,4,13,11
44,8,17,12,20,19,14,15,3,15
44,11,20,14,19,16,14,11,5,12
44,24,7,0,16,26,17,3,15,12
44,24,4,0,9,25,18,8,13,12
44,15,0,0,30,14,15,19,2,15
44,21,14,17,21,11,14,16,0,9
44,20,0,4,26,14,19,12,0,10
44,16,9,8,26,10,14,0,11,8
44,6,15,5,27,22,15,0,12,11
44,5,20,9,24,16,14,0,14,11
44,20,13,12,27,1,15,12,9,2
44,15,7,7,28,7,15,13,10,7
44,15,4,11,31,10,14,14,12,7
44,26,12,8,17,2,15,13,4,11
44,27,21,12,23,3,14,5,7,7
44,25,6,0,19,14,17,12,5,15
44,20,11,0,26,15,18,10,3,11
44,20,8,0,26,16,17,14,0,13
44,23,19,7,21,4,14,7,2,13
45,21,20,0,17,25,12,0,21,3
45,18,16,0,18,27,13,0,21,4
45,18,22,0,10,25,13,3,20,9
45,12,21,1,17,26,16,11,20,6
45,17,20,0,16,21,13,0,25,7
45,13,20,0,18,22,15,8,22,5
45,13,22,8,14,23,21,3,21,13
45,13,22,3,19,23,9,5,15,11
45,16,19,4,17,19,20,3,14,6
45,20,13,0,17,24,24,7,21,10
45,20,12,0,19,29,11,7,21,12
45,20,10,0,17,26,20,10,18,8
45,24,5,4,14,24,16,0,18,8
45,22,4,5,15,26,15,0,18,10
45,24,9,5,13,23,13,0,15,9
45,14,22,2,12,26,14,21,17,5
45,13,26,5,17,28,15,25,19,4
45,11,22,7,18,27,15,24,21,9
45,1,21,4,14,22,25,0,11,12
45,15,17,5,18,20,17,0,10,6
45,13,18,7,20,19,16,1,12,4
45,13,23,9,15,24,23,0,21,14
45,13,24,13,9,27,22,0,15,16
45,18,17,11,13,26,20,0,20,8
45,28,18,0,9,20,19,0,21,19
45,31,12,8,13,29,9,11,23,7
45,25,7,10,12,16,19,0,23,16
45,22,14,1,5,32,8,0,26,13
45,13,34,9,0,16,26,0,16,17
45,23,21,2,6,18,20,0,22,12
45,13,27,7,0,23,26,0,12,18
45,21,8,2,16,25,13,6,21,6
45,20,12,0,13,23,16,13,22,3
45,10,22,3,17,24,16,13,21,6
45,15,21,6,15,33,15,25,18,2
45,21,13,0,19,30,19,20,15,1
45,16,17,3,15,35,12,22,14,8
45,20,14,8,11,22,22,0,16,9
45,21,14,5,8,21,23,0,16,14
45,21,14,9,12,28,18,15,19,2
45,22,9,0,18,28,12,4,27,7
45,20,9,0,13,27,18,5,24,5
45,24,14,3,14,19,12,3,18,5
45,23,14,7,20,20,16,0,11,5
45,23,14,12,14,17,15,4,15,0
45,12,24,13,14,20,14,5,11,8
45,22,14,9,16,21,15,8,12,4
45,13,25,13,14,20,10,3,17,1
45,19,22,4,12,18,22,0,16,7
45,23,20,4,15,18,16,2,19,14
45,18,21,8,14,19,7,3,19,17
45,18,18,11,16,18,19,0,15,7
45,12,23,11,7,21,23,0,1,21
45,12,23,10,6,21,25,0,9,12
45,16,23,12,0,31,13,0,12,7
45,24,10,11,16,25,15,0,16,6
45,23,7,11,10,25,15,0,13,11
45,21,11,0,16,22,20,1,17,8
45,22,5,7,17,25,16,0,14,9
45,21,7,0,16,20,18,1,12,11
46,0,10,0,15,12,0,12,11,13
46,0,10,0,15,5,0,14,15,12
46,0,11,0,20,12,0,12,9,13
46,0,12,0,7,16,0,12,16,12
46,0,12,0,14,9,0,12,19,12
46,0,11,0,16,13,0,10,14,13
46,0,12,0,17,13,3,7,14,15
46,9,0,0,21,11,0,10,16,14
46,12,0,0,21,12,4,11,15,13
46,0,12,0,12,2,0,19,15,13
46,0,12,0,14,5,0,16,14,13
46,0,11,0,4,10,0,20,17,13
46,0,12,0,13,11,0,13,17,12
46,5,6,0,20,12,0,14,8,14
46,8,4,0,17,13,3,11,13,11
46,0,11,0,16,16,0,13,7,13
46,0,15,0,6,22,6,8,13,15
46,12,0,0,18,9,6,16,14,16
46,12,0,0,24,7,11,13,18,15
46,0,10,0,19,13,0,11,9,12
46,2,10,0,20,15,0,13,12,12
46,8,5,0,21,14,0,15,14,11
46,0,11,0,14,5,2,11,14,10
46,3,8,0,20,7,4,11,12,9
46,0,12,0,11,15,5,12,11,10
46,3,11,0,19,20,6,15,1,21
46,13,0,0,19,11,2,8,12,17
46,14,0,0,17,18,0,8,14,15
46,13,0,0,19,12,8,13,11,13
46,8,5,0,21,11,6,8,14,13
46,4,10,0,19,10,9,12,15,14
46,0,11,0,12,18,0,13,12,13
46,13,0,0,18,12,0,13,11,12
46,5,9,0,17,11,0,15,12,12
46,1,11,0,17,7,0,13,12,12
46,0,12,0,10,11,0,14,11,13
46,2,9,0,17,1,0,13,16,12
46,0,12,0,8,13,0,17,14,12
46,0,12,0,12,14,0,21,10,13
46,0,11,0,8,16,0,18,10,13
46,10,2,0,21,14,0,14,18,11
46,17,0,0,21,16,0,17,19,12
46,6,6,0,18,14,0,17,21,11
46,3,9,0,14,1,0,18,13,13
46,0,11,0,13,1,0,21,14,13
46,0,12,0,12,2,0,20,14,13
46,0,12,0,13,1,0,17,15,11
46,0,12,0,9,9,0,14,15,12
46,12,0,0,16,13,0,18,2,16
46,0,11,0,12,14,0,23,6,16
46,2,9,0,14,0,0,21,19,12
46,12,0,0,14,0,0,21,14,13
46,10,2,0,14,0,0,23,15,13
46,0,12,0,14,0,0,21,15,12
46,2,9,0,21,0,0,14,15,13
46,0,12,0,16,4,0,13,16,13
46,0,12,0,11,7,0,14,18,12
46,9,3,0,20,14,18,14,0,21
46,2,10,0,19,16,6,14,12,15
46,2,10,0,16,21,2,16,12,10