1,0,0,0,0,0,1,0,0,0
1,0,0,0,0,0,1,0,0,0
1,0,0,0,0,0,3,1,0,0
1,0,0,0,0,0,2,1,0,0
1,0,0,0,0,0,3,1,0,0
1,1,0,0,0,1,3,2,0,0
1,0,1,0,0,0,3,2,1,0
1,0,0,0,0,0,3,3,1,0
1,0,0,0,0,0,1,3,1,0
1,0,0,0,0,0,2,0,1,0
1,0,0,0,0,0,3,0,0,0
1,0,0,0,1,0,2,0,4,0
1,0,0,0,0,0,2,0,4,0
1,0,0,0,0,0,1,0,4,0
1,0,0,0,0,0,4,2,4,0
1,0,0,0,0,0,2,1,2,0
1,0,0,0,0,0,2,2,3,0
1,0,0,0,0,0,3,2,3,0
1,0,0,0,0,0,2,1,4,1
1,1,0,0,0,0,0,0,2,2
1,0,0,0,0,1,1,2,1,1
1,0,0,0,0,0,0,2,0,1
1,0,0,0,0,0,2,1,4,0
1,1,0,0,0,0,3,2,3,1
1,0,0,0,0,0,3,2,0,0
1,0,0,0,0,0,2,1,6,0
1,0,0,0,0,0,2,1,6,0
1,0,0,0,0,0,3,2,1,3
1,0,0,0,0,0,4,0,0,2
1,0,0,0,0,0,4,2,0,0
1,0,0,0,0,0,1,2,0,0
1,0,0,0,0,0,3,0,0,0
1,0,0,0,0,0,0,3,3,0
1,0,0,0,1,0,1,2,3,0
1,1,0,0,0,0,1,1,2,0
1,0,2,0,0,0,4,2,1,0
1,2,2,0,0,0,3,0,2,0
1,0,0,0,0,0,1,0,0,0
1,0,0,0,0,0,0,0,1,0
1,0,0,0,0,1,2,0,3,0
1,0,0,0,0,0,0,1,0,0
1,0,0,0,0,0,1,1,3,0
1,0,0,0,0,0,4,1,2,0
1,1,0,0,0,0,1,1,5,0
1,0,0,0,0,0,1,2,0,0
1,0,0,0,0,0,3,0,0,0
1,0,0,0,0,0,3,1,0,0
1,0,0,0,0,0,3,2,2,0
1,0,2,0,0,0,0,1,0,0
1,1,0,0,0,0,3,0,0,0
1,0,0,0,0,0,0,2,4,0
1,0,0,0,0,1,3,2,1,0
1,0,0,0,0,1,4,2,0,0
1,0,0,0,0,0,1,0,0,0
1,0,0,0,0,0,2,0,1,0
1,0,0,0,0,0,1,0,0,0
1,0,0,0,0,2,4,1,0,0
1,1,0,0,0,0,1,1,4,0
1,0,0,0,0,0,1,0,1,0
1,0,0,0,0,0,3,0,0,0
2,0,0,1,0,0,0,0,0,0
2,0,0,1,0,0,0,1,0,0
2,0,0,0,0,0,0,0,0,0
2,1,0,3,0,0,0,1,0,0
2,1,0,0,0,0,0,1,0,0
2,0,0,3,0,0,0,3,0,0
2,0,0,2,0,0,0,1,0,0
2,0,0,4,0,0,0,0,0,0
2,0,0,8,0,0,0,0,0,0
2,0,0,4,0,0,0,0,0,0
2,0,0,7,0,0,0,1,0,0
2,1,0,5,1,1,0,0,2,0
2,0,0,5,0,0,0,0,2,0
2,1,0,4,0,0,0,0,0,0
2,0,0,4,0,0,0,1,0,0
2,0,0,1,0,0,0,2,0,0
2,0,0,2,0,0,0,0,0,0
2,0,0,4,0,0,0,0,3,0
2,1,0,5,0,0,0,0,1,0
2,1,0,3,0,0,0,0,0,0
2,4,0,1,0,0,0,0,0,0
2,1,0,2,0,0,0,0,0,0
2,0,0,4,0,0,0,1,0,0
2,1,0,6,2,0,0,0,0,0
2,2,0,6,0,0,0,0,2,0
2,0,0,2,0,0,0,1,0,0
2,0,0,3,0,0,0,0,1,0
2,0,0,4,0,0,0,2,0,0
2,1,0,2,0,0,0,0,0,0
2,4,0,3,0,0,0,1,1,0
2,1,0,1,0,0,0,1,2,0
2,0,0,3,0,0,0,0,1,0
2,0,0,4,0,0,0,0,0,0
2,0,0,5,0,0,0,1,0,0
2,0,0,1,0,0,0,0,2,0
2,1,0,2,0,0,0,0,1,0
2,0,0,1,0,0,0,0,2,0
2,0,0,1,0,0,0,1,1,0
2,0,0,0,0,0,0,0,6,0
2,0,0,0,0,0,0,0,3,0
2,0,0,0,0,0,0,1,0,0
2,0,0,0,0,0,0,1,0,0
2,0,0,1,0,0,0,1,0,0
2,0,0,3,0,0,0,0,0,0
2,0,0,2,0,0,0,2,0,0
2,0,0,0,0,0,0,5,0,0
2,0,0,0,0,0,0,2,0,0
2,0,0,0,0,0,0,1,0,0
2,0,0,2,0,0,0,0,0,0
2,0,0,2,0,0,0,0,0,0
2,1,0,3,0,0,0,0,0,0
2,0,0,2,0,0,0,0,0,0
2,0,0,3,0,0,0,0,0,0
2,0,0,1,0,0,0,0,0,0
2,0,0,2,0,0,0,0,0,0
2,0,0,2,0,0,0,1,0,0
2,0,0,3,0,0,0,1,0,0
2,0,0,1,0,0,0,2,0,0
2,0,0,2,0,0,0,0,0,0
2,0,0,1,0,0,0,0,0,0
3,0,0,0,0,0,1,0,0,0
3,0,2,0,0,0,1,0,0,0
3,0,1,0,0,0,1,0,0,0
3,0,0,0,0,0,1,0,0,0
3,0,0,0,0,0,2,0,0,0
3,1,0,0,0,0,0,0,0,0
3,0,0,0,0,0,2,0,0,0
3,0,0,0,0,0,2,0,0,0
3,0,0,0,0,0,3,0,0,0
3,0,0,0,0,0,0,0,0,0
3,0,0,0,0,0,2,0,0,0
3,0,0,0,0,0,1,0,0,0
3,0,0,1,0,0,1,0,0,0
3,0,2,0,0,0,0,0,0,0
3,2,0,0,0,0,4,0,0,0
3,0,0,0,0,0,0,0,0,0
3,0,0,0,0,0,1,0,0,0
3,1,0,0,0,0,0,0,0,0
3,0,0,0,1,0,1,0,0,0
3,0,0,0,0,0,0,0,0,0
3,0,1,0,0,0,2,0,0,0
3,0,0,0,0,0,3,0,0,0
3,2,0,0,0,0,3,0,0,0
3,0,1,0,0,0,4,0,0,0
3,0,0,0,1,0,1,0,0,0
3,0,0,0,0,0,1,0,0,0
3,0,0,0,0,0,0,0,0,0
3,3,0,1,0,0,0,0,0,0
3,0,0,0,0,0,0,0,0,0
3,0,0,0,0,0,0,0,0,0
3,0,0,1,0,0,0,0,0,0
3,0,0,0,1,0,3,0,0,0
3,0,0,0,0,0,0,0,0,0
3,0,0,0,1,0,3,0,0,0
3,0,0,0,0,0,4,0,0,0
3,0,0,0,0,0,1,0,0,0
3,0,0,0,0,0,1,0,0,0
3,0,0,0,0,0,1,0,0,0
3,0,0,0,0,0,1,0,0,0
3,0,0,0,0,0,2,0,0,0
3,0,0,0,0,0,4,0,0,0
3,0,3,0,0,0,1,0,0,0
3,0,2,0,0,0,4,0,0,0
3,0,0,0,0,0,1,0,0,0
3,0,1,0,0,0,3,0,0,0
3,0,0,1,0,0,0,0,0,0
3,0,1,1,0,0,0,0,0,0
3,0,1,0,0,0,0,0,0,0
3,0,0,0,0,0,3,0,0,0
3,0,1,0,0,0,5,0,0,0
3,0,0,0,0,0,2,0,0,0
3,0,0,0,0,0,4,0,0,0
3,0,0,0,0,0,3,0,0,0
3,0,0,0,0,0,5,0,0,0
3,0,0,0,0,0,0,0,0,0
3,0,0,2,0,0,0,0,0,0
3,0,1,0,0,0,4,0,0,0
3,0,2,0,0,0,0,0,0,0
3,0,0,0,0,0,1,0,0,0
3,0,0,0,0,0,0,0,0,0
4,0,0,0,0,0,0,0,2,0
4,0,2,0,0,0,1,0,0,0
4,0,1,0,0,0,0,0,4,0
4,0,3,0,1,0,0,0,1,0
4,0,1,0,1,0,1,0,4,0
4,1,0,0,0,0,0,0,1,0
4,0,0,0,0,0,0,0,4,0
4,0,2,0,0,0,0,0,3,0
4,0,0,0,0,0,0,0,5,0
4,0,0,0,0,0,0,0,1,0
4,0,0,0,0,0,0,0,4,0
4,0,0,0,0,0,0,0,4,0
4,0,0,0,0,0,0,1,0,0
4,0,0,0,0,0,0,0,3,0
4,0,0,0,1,0,0,0,2,0
4,0,0,0,0,0,0,0,2,0
4,0,0,0,0,0,0,0,2,0
4,0,1,0,0,0,0,0,2,0
4,0,2,0,0,0,0,0,3,0
4,0,0,0,0,0,0,0,1,0
4,0,0,0,0,0,0,0,1,0
4,1,0,0,0,0,0,0,5,0
4,0,3,0,0,0,0,0,2,0
4,0,0,0,0,0,0,0,1,0
4,0,0,0,0,0,0,0,2,0
4,0,0,0,0,0,0,0,1,0
4,1,0,0,0,0,0,0,2,0
4,0,0,0,0,0,0,0,1,0
4,0,0,0,0,0,0,0,0,0
4,0,0,0,0,0,0,0,2,0
4,0,0,0,0,0,0,0,0,0
4,0,0,0,0,0,0,0,2,0
4,0,0,0,0,0,0,0,0,0
4,0,3,0,0,0,0,0,0,0
4,0,1,0,0,0,0,0,0,0
4,1,0,0,1,0,0,0,2,0
4,0,2,0,0,0,0,0,2,0
4,0,1,0,1,0,0,0,1,0
4,0,1,0,0,0,0,0,4,0
4,0,1,0,0,0,0,0,2,0
4,0,1,0,0,0,0,0,3,0
4,0,0,0,0,0,0,0,2,0
4,0,2,0,0,0,0,0,0,0
4,0,0,0,0,0,0,0,4,0
4,0,0,0,0,1,0,0,0,0
4,0,1,0,0,0,0,0,1,0
4,0,3,0,0,0,0,0,2,1
4,0,2,0,0,0,0,0,1,1
4,0,0,0,0,0,0,0,0,0
4,0,0,0,0,0,0,0,1,0
4,0,0,0,0,0,0,0,0,0
4,0,0,0,0,0,0,0,4,0
4,0,0,0,0,0,0,0,1,0
4,0,3,0,0,0,0,0,0,0
4,0,2,0,0,0,0,0,0,1
4,1,2,0,0,0,0,0,0,1
4,1,1,0,0,0,0,0,1,0
4,0,0,0,0,0,0,0,2,0
4,0,1,0,0,0,0,0,2,0
4,0,0,0,0,0,0,0,0,0
5,0,0,0,0,0,1,0,0,0
5,0,0,0,0,0,0,1,0,0
5,0,0,0,0,0,0,0,0,0
5,0,0,0,0,0,3,1,0,0
5,0,0,0,0,0,1,3,0,0
5,0,0,0,0,0,3,3,0,0
5,0,0,1,0,0,3,1,0,0
5,0,0,0,0,0,3,3,0,0
5,0,2,0,0,0,6,1,0,0
5,1,0,1,0,0,6,4,0,0
5,0,0,2,0,0,2,2,0,0
5,0,1,0,0,0,3,1,0,0
5,0,0,0,0,0,1,0,0,0
5,0,0,0,0,0,4,2,0,0
5,0,0,0,0,0,2,3,0,0
5,0,0,1,0,0,1,2,0,0
5,0,0,2,0,0,3,1,0,0
5,0,0,0,0,0,4,2,0,0
5,0,0,5,0,0,2,1,0,0
5,1,0,2,0,0,2,0,0,0
5,0,0,2,0,0,2,0,0,0
5,0,0,0,0,0,1,0,0,0
5,0,0,0,0,0,3,2,0,0
5,0,0,0,0,0,3,0,0,0
5,0,0,1,0,0,2,0,0,0
5,0,0,0,0,0,2,2,0,0
5,0,0,0,0,0,2,4,0,0
5,0,0,0,0,1,4,3,0,0
5,0,0,0,0,0,1,1,0,0
5,0,0,2,0,0,2,1,0,0
5,0,0,2,0,0,2,0,0,0
5,0,0,1,0,0,1,4,0,0
5,0,0,0,0,0,3,1,0,0
5,0,1,0,0,0,5,2,0,0
5,0,1,2,0,0,0,2,2,0
5,2,1,2,0,0,1,1,2,0
5,0,2,1,0,0,2,0,1,0
5,0,0,0,0,0,3,3,0,0
5,0,0,0,0,0,2,3,0,0
5,0,0,0,0,0,2,3,0,0
5,0,0,0,0,0,0,0,0,0
5,0,1,0,0,1,0,2,0,0
5,0,2,0,0,0,0,0,0,2
5,0,0,0,0,0,3,2,0,0
5,0,0,0,0,0,2,2,0,0
5,0,0,0,0,0,7,1,0,0
5,0,0,1,0,0,3,0,0,0
5,0,0,0,0,0,3,1,0,0
5,0,0,0,0,0,2,0,0,0
5,0,1,0,0,0,3,4,0,0
5,0,1,0,0,1,2,2,0,0
5,1,1,0,0,0,2,2,0,0
5,0,0,0,0,0,4,0,0,0
5,0,0,0,0,0,1,1,0,0
5,0,0,0,0,0,0,4,0,0
5,0,0,0,0,0,0,2,0,0
5,0,0,0,0,1,1,1,0,0
5,0,0,0,0,0,0,2,0,0
5,0,0,0,0,0,4,0,0,0
5,0,1,0,0,0,3,2,0,0
6,0,0,0,0,0,0,0,0,0
6,0,0,1,0,0,0,0,0,0
6,0,0,0,0,0,0,0,0,0
6,1,0,0,0,0,4,0,0,0
6,0,0,1,0,0,1,0,1,0
6,0,2,2,0,0,0,0,0,0
6,0,2,0,0,0,0,0,1,0
6,0,0,2,0,0,0,0,1,0
6,0,0,0,0,0,0,3,0,0
6,0,2,4,0,0,0,0,0,0
6,0,1,3,0,0,1,0,0,0
6,0,0,4,0,0,4,0,0,0
6,0,0,1,0,0,0,0,1,0
6,0,0,1,0,0,0,0,1,0
6,0,0,1,0,0,0,0,2,0
6,0,0,0,0,0,0,0,0,0
6,0,0,1,0,0,2,0,0,0
6,0,1,1,0,0,1,0,0,0
6,0,0,1,0,0,0,0,1,0
6,0,2,0,0,0,1,0,1,0
6,0,2,0,0,0,0,0,1,0
6,0,2,2,0,0,1,0,0,0
6,0,1,2,0,0,1,0,0,0
6,0,0,3,0,0,2,0,0,0
6,0,3,1,0,0,0,0,0,1
6,0,1,7,0,0,0,0,1,0
6,0,4,3,0,0,0,0,2,0
6,0,2,0,0,0,0,0,0,0
6,1,0,2,0,0,1,0,1,0
6,1,0,4,0,0,0,0,1,0
6,0,0,2,0,0,0,0,1,0
6,0,2,1,0,0,0,0,0,0
6,0,2,3,0,0,0,0,0,0
6,0,2,4,0,0,0,0,0,0
6,0,1,2,0,0,0,0,0,0
6,0,0,4,0,0,0,0,0,0
6,0,0,5,0,0,0,0,0,0
6,0,1,0,0,0,1,0,0,0
6,0,1,0,0,0,1,0,0,0
6,0,0,0,0,0,1,0,0,0
6,0,0,4,0,0,0,0,0,0
6,0,0,3,0,1,0,0,0,0
6,0,3,2,0,0,0,0,0,0
6,0,0,2,0,0,0,0,0,0
6,0,2,1,0,0,0,0,0,0
6,0,1,1,0,0,0,0,0,0
6,0,2,6,0,0,0,0,0,0
6,0,0,7,0,0,0,0,0,0
6,0,1,7,0,0,0,0,0,0
6,0,0,4,0,0,0,0,0,0
6,0,1,2,0,1,1,0,0,0
6,0,1,3,0,0,2,0,0,0
6,0,2,1,0,0,0,0,0,0
6,0,4,2,0,0,0,0,0,0
6,0,3,2,0,0,0,0,0,0
6,0,0,3,0,0,0,0,0,0
6,0,2,0,0,0,0,0,0,0
6,0,0,2,0,0,0,0,0,0
6,0,0,0,0,0,0,0,0,0
6,0,0,2,0,0,1,2,0,0
7,0,1,0,0,2,1,1,0,0
7,1,0,0,0,0,0,2,0,0
7,0,0,0,0,4,0,3,0,0
7,0,2,0,0,3,0,3,0,0
7,1,2,0,0,4,0,2,0,0
7,0,1,0,0,1,0,1,0,0
7,0,1,0,1,1,0,1,0,0
7,0,2,0,0,0,1,2,0,0
7,0,1,0,0,0,0,1,0,0
7,1,3,0,0,3,3,1,0,0
7,0,3,0,0,2,2,2,0,0
7,0,1,0,0,4,2,0,0,0
7,1,3,0,0,0,5,0,0,0
7,2,4,0,0,2,7,2,0,0
7,2,4,0,0,1,3,2,0,0
7,0,4,0,0,1,4,2,0,0
7,0,4,0,0,0,8,2,0,0
7,1,4,0,0,1,7,4,0,0
7,0,0,0,1,0,0,1,0,0
7,1,1,0,1,0,0,1,0,0
7,3,0,0,2,1,0,1,0,0
7,0,2,0,0,0,3,4,0,0
7,0,4,0,0,0,1,4,0,0
7,0,1,0,0,1,2,2,0,0
7,1,2,0,0,0,3,0,0,0
7,3,1,0,0,2,5,0,0,0
7,4,0,0,0,6,0,0,0,0
7,0,1,0,0,2,0,2,0,0
7,0,2,0,1,0,0,1,0,0
7,0,1,0,0,2,0,3,0,0
7,0,4,0,0,0,5,0,0,0
7,0,0,0,1,0,0,4,0,0
7,0,2,0,0,0,1,1,0,0
7,0,4,0,0,0,0,2,0,0
7,0,3,0,0,1,2,2,0,0
7,0,1,0,0,2,0,3,0,0
7,0,2,0,0,1,1,0,2,0
7,3,4,0,0,1,2,3,0,0
7,1,3,0,0,2,3,2,0,0
7,0,4,0,0,1,8,1,0,0
7,0,3,0,0,1,1,2,0,0
7,0,0,0,0,0,0,0,0,0
7,0,0,0,0,3,0,1,0,0
7,0,3,0,0,4,0,0,1,0
7,0,4,0,0,2,2,4,0,0
7,0,3,0,0,1,2,1,0,0
7,0,4,0,0,0,6,0,1,0
7,0,3,0,0,1,5,1,0,2
7,0,5,0,0,0,6,2,0,0
7,0,2,0,0,1,1,0,0,0
7,0,3,0,0,2,0,0,0,0
7,2,3,0,0,3,0,1,0,0
7,0,0,0,0,1,3,3,0,0
7,0,0,0,0,0,1,1,0,0
7,3,2,0,0,5,2,0,0,1
7,0,1,0,0,0,1,0,2,1
7,0,0,0,0,0,0,0,2,1
7,2,5,0,0,4,5,0,2,0
7,1,2,0,0,3,5,0,0,1
7,4,0,0,0,5,1,0,1,4
8,0,0,0,0,0,0,0,0,0
8,0,0,0,2,0,0,1,0,0
8,0,0,0,3,0,0,0,2,0
8,0,0,0,0,0,0,0,0,0
8,0,0,0,1,0,0,0,0,0
8,0,0,0,2,0,0,0,1,1
8,0,0,0,0,0,0,0,0,0
8,0,0,0,1,0,0,1,1,0
8,0,0,0,0,0,0,0,0,1
8,0,0,0,0,0,0,0,0,1
8,0,0,0,1,0,0,0,0,0
8,0,1,0,0,4,2,0,0,0
8,0,0,0,0,0,0,0,0,3
8,0,0,0,0,0,0,0,0,2
8,0,0,0,0,0,0,0,3,2
8,0,0,0,3,0,0,0,0,1
8,0,0,0,4,0,0,0,1,0
8,0,0,0,3,0,0,0,1,0
8,0,0,0,3,1,0,0,2,1
8,0,0,0,2,0,0,0,2,0
8,0,0,0,2,0,0,0,0,0
8,0,0,0,0,0,0,0,1,0
8,0,0,0,1,0,0,0,3,1
8,0,0,0,2,0,0,0,3,2
8,0,0,0,1,0,0,0,0,1
8,0,0,0,0,0,0,0,1,0
8,0,0,0,2,0,0,0,1,2
8,0,0,0,0,0,0,0,0,1
8,0,1,0,0,0,0,0,0,0
8,0,0,0,0,0,0,1,0,0
8,0,0,0,2,0,0,0,0,0
8,0,0,2,1,0,0,0,2,0
8,0,0,0,3,0,0,0,0,2
8,0,0,0,0,0,0,0,0,2
8,0,0,0,1,0,0,0,3,2
8,0,0,0,3,0,0,0,3,2
8,0,0,0,2,0,0,0,2,2
8,0,0,0,2,0,0,0,1,1
8,0,0,0,2,0,0,0,0,0
8,0,0,0,2,0,0,0,0,0
8,0,0,0,0,0,0,1,0,0
8,0,0,0,1,0,0,0,0,0
8,0,0,0,0,0,0,0,0,0
8,0,0,0,3,2,0,0,2,1
8,0,0,0,4,0,0,0,3,1
8,0,0,0,0,0,0,0,0,2
8,0,0,0,0,0,0,0,0,6
8,0,0,0,0,0,0,0,1,1
8,0,0,0,1,0,0,0,0,1
8,0,0,0,3,0,0,0,2,1
8,0,0,0,0,0,0,0,0,0
8,0,0,0,0,0,0,0,0,0
8,0,0,0,6,1,0,0,0,2
8,0,0,0,0,0,0,0,0,1
8,0,0,0,1,0,0,0,1,0
8,0,0,0,3,0,0,0,1,0
8,0,0,0,5,1,0,0,1,2
8,0,0,0,1,0,0,0,0,0
8,0,0,0,0,0,0,0,0,0
8,0,0,0,1,0,0,0,0,2
9,0,0,0,0,0,0,0,0,0
9,0,0,0,0,0,0,0,0,0
9,0,0,0,0,0,0,1,0,0
9,0,0,0,0,0,0,0,0,0
9,0,0,0,0,0,0,0,0,0
9,1,0,0,0,0,0,2,0,0
9,0,2,0,0,0,0,0,0,0
9,1,0,0,0,0,0,1,0,0
9,0,0,0,0,0,0,0,0,0
9,0,0,0,0,0,0,0,0,0
9,0,0,0,0,0,0,0,0,0
9,0,0,0,0,0,0,0,0,0
9,0,0,0,0,0,0,0,0,0
9,0,0,0,0,0,0,0,0,0
9,0,0,0,0,0,0,0,0,0
9,0,0,1,0,0,0,1,0,0
9,0,0,0,0,0,0,0,0,0
9,0,0,0,0,0,0,1,0,0
9,0,0,0,0,0,0,1,0,0
9,0,0,0,0,0,0,0,0,0
9,0,2,0,0,0,0,0,0,0
9,0,0,0,0,0,0,0,0,0
9,1,0,0,0,0,0,0,0,0
9,1,0,1,0,0,0,0,0,0
9,0,0,0,0,0,0,0,0,0
9,0,0,1,0,0,0,0,0,0
9,0,0,0,0,0,0,0,0,0
9,0,0,0,0,0,0,0,0,0
9,0,0,0,0,0,0,0,0,0
9,0,0,0,0,0,0,0,0,0
9,0,0,0,0,0,0,1,0,0
9,0,2,0,1,0,0,1,0,0
9,1,0,0,0,0,0,1,0,0
9,1,1,0,0,0,0,0,0,0
9,1,2,0,0,0,0,0,0,0
9,2,1,0,0,0,0,1,0,0
9,1,1,0,0,0,0,0,0,0
9,0,0,0,0,0,0,0,0,0
9,0,0,0,0,0,0,0,0,0
9,0,0,0,0,0,0,0,0,0
9,0,0,0,0,0,0,1,0,0
9,0,2,0,0,0,0,0,0,0
9,0,1,0,0,0,0,0,0,0
9,0,0,0,0,0,0,0,0,0
9,0,0,0,0,0,0,0,0,0
9,0,0,0,0,0,0,0,0,0
9,0,0,0,0,0,0,0,0,0
9,0,0,0,0,0,0,0,0,0
9,0,0,0,0,0,0,0,0,0
9,0,0,0,0,0,0,0,0,0
9,0,0,0,0,0,0,0,0,0
9,0,0,0,0,0,0,1,0,0
9,0,0,0,0,0,0,1,0,0
9,0,0,0,0,0,0,0,0,0
9,0,0,0,0,0,0,1,0,0
9,0,0,0,0,0,0,2,0,0
9,0,0,0,0,0,0,1,0,0
9,0,1,0,0,0,0,1,0,0
9,0,1,0,0,0,0,0,0,0
9,0,0,0,0,0,0,1,0,0
10,0,0,0,0,0,0,0,0,0
10,0,0,0,0,0,0,1,0,0
10,0,0,0,0,0,0,0,0,0
10,0,0,0,0,0,0,0,0,0
10,1,0,0,0,0,0,0,0,0
10,0,0,0,0,0,0,1,0,0
10,0,0,0,0,0,0,2,0,0
10,0,0,0,0,0,0,2,0,0
10,0,0,0,0,0,0,0,0,0
10,0,0,0,0,0,0,3,0,0
10,0,0,1,0,0,0,3,0,0
10,0,0,1,0,0,0,5,0,0
10,0,0,0,0,0,0,0,0,0
10,0,0,0,0,0,0,0,0,0
10,0,0,0,0,0,0,2,0,0
10,0,0,0,0,0,0,3,0,0
10,2,0,0,0,0,0,3,0,0
10,2,0,0,0,0,0,4,0,0
10,2,0,0,0,0,0,2,0,0
10,0,0,0,0,0,0,2,0,0
10,0,0,0,0,0,0,1,0,0
10,0,0,0,0,0,0,0,0,0
10,3,0,0,0,0,0,2,0,0
10,1,0,0,0,0,0,3,0,0
10,1,0,0,0,0,0,3,0,0
10,0,0,0,0,0,0,5,0,0
10,0,0,0,0,0,0,2,0,0
10,0,0,0,0,0,0,2,0,0
10,0,0,0,0,0,0,1,0,0
10,0,0,0,0,0,0,1,0,0
10,0,0,0,0,0,0,0,0,0
10,0,0,0,0,0,0,2,0,0
10,0,0,0,0,0,0,1,0,0
10,1,0,0,0,0,0,2,0,0
10,0,0,0,0,0,0,0,0,0
10,0,0,0,0,0,0,1,0,0
10,0,0,0,0,0,0,1,0,0
10,0,0,0,0,0,0,2,0,0
10,0,0,0,0,0,0,1,0,0
10,0,0,0,0,0,0,1,0,0
10,0,0,0,0,0,0,4,0,0
10,0,0,0,0,0,0,4,0,0
10,0,0,0,0,0,0,1,0,0
10,0,0,0,0,0,0,2,0,0
10,0,0,0,0,0,0,2,0,0
10,0,0,0,0,0,0,0,0,0
10,0,0,0,0,0,0,0,0,0
10,0,0,0,0,0,0,0,0,0
10,0,0,0,0,0,0,0,0,0
10,0,0,0,0,0,0,0,0,0
10,0,0,0,0,0,0,2,0,0
10,0,0,0,0,0,0,0,0,0
10,0,0,0,0,0,0,0,0,0
10,0,0,0,0,0,0,0,0,0
10,0,0,0,0,0,0,0,0,0
10,0,0,0,0,0,0,3,0,0
10,0,0,0,0,0,0,1,0,0
10,0,0,0,0,0,0,3,0,0
10,0,0,0,0,0,0,3,0,0
10,0,0,0,0,0,0,1,0,0
11,1,2,0,0,3,4,2,0,0
11,0,0,0,0,2,1,2,0,0
11,0,0,0,0,2,0,2,0,0
11,0,0,0,0,2,0,2,0,0
11,0,4,0,0,0,5,1,0,0
11,0,7,0,0,0,4,3,0,0
11,0,1,0,0,0,6,2,0,0
11,1,4,0,0,0,5,1,0,0
11,0,3,0,0,0,5,0,0,0
11,0,4,0,0,0,2,0,0,0
11,0,4,0,0,0,3,2,0,0
11,0,6,0,0,0,1,4,0,0
11,0,2,2,0,0,0,5,0,0
11,0,0,0,0,0,0,2,0,0
11,1,0,0,0,0,0,2,0,0
11,0,0,0,1,0,0,3,0,0
11,4,2,0,0,6,4,0,0,2
11,2,1,0,0,6,2,0,0,5
11,2,2,0,0,4,4,0,0,4
11,0,0,0,0,0,0,0,0,0
11,0,0,0,0,0,1,1,0,0
11,0,0,0,0,0,0,0,1,0
11,0,4,0,0,0,3,3,0,0
11,0,6,0,0,0,8,0,0,0
11,0,2,0,0,1,2,2,0,0
11,0,4,0,0,0,4,0,0,0
11,0,5,0,0,3,4,2,0,0
11,0,2,0,1,1,2,2,0,0
11,0,1,0,0,1,3,3,0,0
11,0,1,0,0,0,1,4,0,0
11,0,1,0,0,0,1,3,0,0
11,0,2,0,0,0,2,2,0,0
11,1,0,0,0,0,0,2,0,0
11,2,1,0,0,1,0,1,0,0
11,0,2,0,0,0,5,2,0,0
11,0,1,0,0,0,1,0,0,0
11,0,1,0,0,2,0,0,5,0
11,0,5,0,0,0,5,0,0,0
11,0,1,0,0,3,0,1,0,0
11,0,0,0,0,1,2,1,0,0
11,0,0,0,0,1,0,2,0,0
11,0,0,0,0,1,0,2,0,0
11,0,0,0,0,2,0,2,0,0
11,0,3,0,0,5,4,3,0,0
11,0,5,0,0,0,6,0,0,0
11,2,0,0,0,5,1,0,2,0
11,3,0,0,0,5,0,0,1,0
11,6,0,0,0,8,0,0,1,0
11,0,7,0,0,0,5,1,0,0
11,0,6,0,0,0,6,1,0,0
11,0,5,0,0,0,1,1,0,0
11,0,4,0,0,1,1,0,0,0
11,0,1,0,0,0,0,2,0,0
11,0,0,0,1,0,0,1,0,0
11,0,3,0,0,0,7,4,0,0
11,0,1,0,0,1,0,3,0,0
11,0,0,0,0,0,0,3,0,0
11,2,3,0,0,3,6,0,0,0
11,3,3,0,0,4,4,0,0,0
11,3,0,0,0,5,3,0,0,1
12,0,0,0,0,0,0,2,0,0
12,0,0,0,0,0,0,2,0,0
12,0,0,0,0,0,0,2,0,0
12,0,0,0,0,0,0,2,0,0
12,0,0,0,0,0,0,5,0,0
12,0,0,0,0,0,0,3,0,0
12,0,0,0,0,0,0,4,0,0
12,0,0,0,0,0,0,3,0,0
12,0,0,0,0,0,0,4,0,0
12,2,0,0,0,0,0,1,0,0
12,0,0,0,0,0,0,2,0,0
12,1,0,0,0,0,0,3,0,0
12,0,0,0,0,0,0,5,0,0
12,0,0,0,0,0,0,3,0,0
12,0,0,0,0,0,0,2,0,0
12,0,0,0,0,0,0,1,0,0
12,0,0,0,0,0,0,2,0,0
12,0,0,0,0,0,0,3,0,0
12,0,0,0,0,0,0,4,1,0
12,0,0,0,0,0,0,4,1,0
12,0,0,0,0,0,0,2,0,0
12,0,0,0,0,0,0,3,0,0
12,0,0,0,0,0,0,2,0,0
12,0,0,0,0,0,0,4,0,0
12,0,0,0,0,0,0,3,2,0
12,0,0,0,0,0,0,5,1,0
12,0,0,0,0,0,0,5,0,0
12,0,0,0,0,0,0,3,0,0
12,0,0,0,0,0,0,2,0,0
12,0,0,0,0,0,0,3,0,0
12,0,0,0,0,0,0,3,0,0
12,0,0,0,0,0,0,5,0,0
12,0,0,0,0,0,0,1,0,0
12,0,0,0,0,0,0,5,0,0
12,0,0,0,0,0,0,1,0,0
12,0,0,0,0,0,0,3,0,0
12,1,0,0,0,0,0,4,0,0
12,0,0,0,0,0,0,0,0,0
12,0,0,0,0,0,0,2,0,0
12,0,0,0,0,0,0,3,0,0
12,0,0,0,0,0,0,2,0,0
12,0,0,0,0,0,0,2,0,0
12,0,0,0,0,0,0,1,0,0
12,0,0,0,0,0,0,5,0,0
12,0,0,0,0,0,0,3,0,0
12,2,0,0,0,0,0,0,4,0
12,2,0,0,0,0,0,0,5,0
12,0,0,0,0,0,0,1,1,0
12,0,0,0,0,0,0,2,0,0
12,0,0,0,0,0,0,4,0,0
12,0,0,0,0,0,0,3,0,0
12,0,0,0,0,0,0,4,0,0
12,0,0,0,0,0,0,6,1,0
12,0,0,0,0,0,0,4,0,0
12,0,0,0,0,0,0,2,2,0
12,0,0,0,0,0,0,2,0,0
12,0,0,0,0,0,0,4,0,0
12,0,0,0,0,0,0,2,1,0
12,0,0,0,0,0,0,5,0,0
12,0,0,0,0,0,0,3,0,0
13,0,0,0,0,1,0,0,0,0
13,0,0,0,0,0,0,0,0,0
13,0,0,0,0,3,0,0,0,0
13,0,0,0,0,0,0,0,0,0
13,0,0,0,0,1,0,0,0,0
13,0,0,0,0,0,0,0,0,0
13,0,0,0,0,1,0,0,0,0
13,0,0,0,1,1,0,0,0,0
13,0,0,0,1,1,0,0,0,0
13,0,0,0,0,3,0,0,0,0
13,0,1,0,0,1,0,0,0,0
13,0,1,0,1,1,0,0,0,0
13,0,0,0,0,2,0,0,0,0
13,0,0,0,0,2,0,0,0,0
13,0,0,0,0,0,0,0,0,0
13,0,0,0,0,0,0,0,0,0
13,0,0,0,1,1,0,0,0,0
13,0,0,0,0,0,0,0,0,0
13,0,0,0,0,3,0,0,0,0
13,0,0,0,0,3,0,0,0,0
13,0,1,0,0,1,0,0,0,0
13,0,0,0,0,1,0,0,0,0
13,0,0,0,0,1,0,0,0,0
13,0,0,0,0,1,0,0,0,0
13,0,0,0,0,1,0,0,1,0
13,0,0,0,0,0,0,0,0,0
13,0,0,0,0,2,0,0,0,0
13,0,1,0,0,1,0,0,0,0
13,2,2,0,0,1,0,0,0,0
13,1,3,0,1,0,0,0,0,0
13,1,0,0,0,0,0,0,0,0
13,0,0,0,0,0,0,0,0,0
13,0,0,0,0,0,0,0,0,0
13,0,0,0,0,1,0,0,0,0
13,0,0,0,0,0,0,0,0,0
13,1,0,0,1,0,0,0,0,0
13,0,1,1,0,0,0,0,0,0
13,0,1,0,0,1,0,0,0,0
13,0,0,0,0,1,0,0,0,0
13,0,0,0,1,2,0,0,0,0
13,0,0,0,0,3,0,0,0,0
13,0,0,0,0,0,0,0,0,0
13,0,0,0,0,0,0,0,0,0
13,0,0,0,0,2,0,0,0,0
13,0,0,0,0,2,0,0,0,0
13,0,0,0,0,2,0,0,0,0
13,0,0,0,0,1,0,0,0,0
13,0,0,0,0,0,0,0,0,0
13,0,1,0,1,0,0,0,0,0
13,0,0,0,0,0,0,0,0,0
13,0,0,0,1,2,0,0,0,0
13,0,0,0,0,0,3,0,0,0
13,0,0,0,0,2,0,0,0,0
13,0,0,0,0,3,0,0,0,0
13,0,0,0,0,0,0,0,0,0
13,0,0,0,0,0,0,0,1,0
13,0,0,0,1,0,0,0,1,0
13,0,3,0,0,0,0,0,0,0
13,0,2,0,0,1,1,0,0,0
13,0,0,0,1,1,2,0,0,0
14,0,0,0,0,0,0,1,0,0
14,0,0,0,0,0,0,0,0,0
14,0,0,0,0,0,0,1,0,0
14,0,0,0,0,0,0,2,0,0
14,0,0,0,0,0,0,2,0,0
14,0,0,0,0,0,0,2,0,0
14,0,0,0,0,0,0,0,2,0
14,0,0,0,0,1,0,0,0,0
14,0,0,0,0,2,1,1,0,0
14,0,0,0,0,0,0,1,0,0
14,0,0,0,0,0,0,1,0,0
14,0,0,0,0,0,0,0,0,0
14,0,0,0,0,0,0,0,3,0
14,0,0,0,0,0,0,0,0,0
14,0,0,0,0,0,0,0,1,0
14,0,0,0,0,0,0,0,3,0
14,0,0,0,0,0,0,1,0,0
14,0,0,0,0,0,0,0,2,0
14,0,0,0,0,0,0,0,0,0
14,0,0,0,0,0,0,0,0,0
14,0,0,0,0,0,0,0,0,0
14,0,0,0,0,0,0,0,0,0
14,0,0,0,0,0,0,2,0,0
14,0,0,0,0,0,0,0,1,0
14,0,0,0,0,0,0,0,3,0
14,1,0,1,2,0,0,0,2,0
14,0,0,1,1,0,0,0,2,0
14,0,0,1,0,0,0,0,1,0
14,0,0,0,0,0,0,0,1,0
14,0,0,0,0,0,0,0,2,0
14,0,0,0,0,0,0,0,3,0
14,0,0,0,1,0,0,1,0,0
14,0,0,0,1,0,0,0,0,0
14,0,0,0,1,0,0,1,1,0
14,0,0,0,0,0,0,2,0,0
14,0,0,0,0,0,0,0,0,0
14,0,0,0,0,0,0,0,0,0
14,0,0,0,0,0,0,0,0,0
14,0,0,0,0,0,0,0,0,0
14,0,0,0,0,0,0,1,0,0
14,0,0,0,0,0,0,0,4,0
14,0,0,0,0,0,0,0,3,0
14,0,0,1,0,0,0,0,4,0
14,0,0,0,0,1,0,1,0,0
14,0,0,0,0,0,0,0,1,0
14,0,0,0,0,0,0,2,0,0
14,0,0,0,0,0,0,0,0,0
14,0,0,0,0,0,0,0,4,0
14,0,0,0,0,0,0,0,4,0
14,0,0,0,0,0,0,0,3,0
14,0,0,0,0,0,0,0,4,0
14,0,0,0,0,0,0,0,2,0
14,0,0,0,0,0,0,0,1,0
14,0,0,0,0,0,0,0,1,0
14,0,0,0,0,1,0,0,0,0
14,0,0,0,0,0,0,2,0,0
14,0,0,0,0,1,0,1,0,0
14,0,0,0,0,0,0,0,0,0
14,0,0,0,0,0,0,2,0,0
14,0,0,0,0,0,0,0,0,0
15,0,0,0,0,0,0,0,1,0
15,0,0,0,0,0,0,1,1,0
15,0,0,0,0,0,0,0,2,0
15,0,0,0,0,0,0,1,0,0
15,0,0,0,0,0,0,0,0,0
15,0,0,0,0,0,0,2,0,0
15,1,0,0,0,0,0,0,2,0
15,1,0,0,0,0,0,0,3,0
15,0,0,0,0,0,0,0,1,0
15,0,0,0,0,0,0,1,0,0
15,0,0,0,0,0,0,2,0,0
15,0,0,0,0,0,0,1,0,0
15,0,0,0,0,0,0,1,0,0
15,0,0,0,0,0,0,1,0,0
15,0,0,0,0,0,0,1,0,0
15,0,0,0,0,0,0,1,0,0
15,0,0,0,0,0,0,0,0,0
15,0,0,0,0,0,0,0,0,0
15,0,0,0,0,0,0,1,0,0
15,0,0,0,0,0,0,2,0,0
15,0,0,0,0,0,0,0,1,0
15,0,0,0,0,0,0,0,2,0
15,1,0,0,0,0,0,1,0,0
15,3,0,1,0,0,0,2,0,0
15,1,0,0,0,0,0,2,0,0
15,0,0,0,0,0,0,0,0,0
15,0,0,0,0,0,0,2,0,0
15,0,0,0,0,0,0,1,0,0
15,1,0,1,0,0,0,0,1,0
15,2,0,0,0,0,0,0,3,0
15,0,0,0,0,0,0,0,0,0
15,0,0,0,0,0,0,0,0,0
15,0,0,0,0,0,0,2,0,0
15,0,0,0,0,0,0,0,0,0
15,0,0,0,0,0,0,0,0,0
15,0,0,0,0,0,0,2,0,0
15,0,0,0,0,0,0,1,0,0
15,0,0,0,0,0,0,2,0,0
15,0,0,0,0,0,0,0,0,0
15,0,0,0,0,0,0,1,0,0
15,0,0,0,0,0,0,1,0,0
15,0,0,0,0,0,0,3,0,0
15,0,0,0,1,0,0,1,0,0
15,0,0,0,0,0,0,1,0,0
15,0,0,0,0,0,0,2,0,0
15,1,0,0,0,0,0,0,0,0
15,0,0,0,0,0,0,2,0,0
15,0,0,0,0,0,0,2,0,0
15,0,0,0,0,0,0,3,0,0
15,0,0,0,0,0,0,1,0,0
15,0,0,0,0,0,0,3,0,0
15,0,0,0,0,0,0,0,0,0
15,0,0,0,0,0,0,1,0,0
15,0,0,0,0,0,0,2,0,0
15,0,0,0,0,0,0,2,0,0
15,0,0,0,0,0,0,3,0,0
15,0,0,0,0,0,0,0,0,0
15,0,0,0,0,0,0,1,0,0
15,0,0,0,0,0,0,3,0,0
15,0,0,0,0,0,0,2,0,0
16,0,0,0,0,0,0,0,0,0
16,0,0,0,0,0,0,0,1,0
16,0,0,0,0,0,1,0,0,0
16,0,0,0,0,0,0,0,3,0
16,0,0,0,0,0,1,0,0,0
16,0,0,0,0,0,0,0,0,0
16,0,0,0,0,0,0,0,2,0
16,0,0,0,0,0,0,0,0,0
16,0,0,0,0,0,2,0,2,0
16,0,0,0,0,0,0,0,0,0
16,1,0,0,0,0,1,0,0,0
16,0,0,0,0,0,0,0,2,0
16,0,0,0,0,0,0,0,0,0
16,0,0,0,0,0,0,0,0,0
16,0,0,0,0,0,0,0,0,0
16,0,0,0,0,0,0,0,0,0
16,0,0,0,0,0,0,0,0,0
16,0,0,0,0,0,0,0,1,0
16,0,0,0,0,0,0,0,2,0
16,0,0,0,0,0,0,0,0,0
16,0,0,0,0,0,0,0,0,0
16,0,0,0,0,0,0,0,1,0
16,0,0,0,0,0,0,0,0,0
16,0,0,0,0,0,0,0,0,0
16,0,0,0,0,0,1,0,0,0
16,1,1,0,0,0,0,0,1,0
16,0,0,0,0,0,0,0,2,0
16,1,0,0,0,0,0,0,0,0
16,0,0,0,0,0,0,0,0,0
16,0,0,0,0,0,0,0,2,0
16,0,0,0,0,0,0,0,0,0
16,0,0,0,0,0,0,0,0,0
16,0,0,0,0,0,0,0,3,0
16,0,0,0,2,0,0,0,0,0
16,0,0,0,0,0,0,0,0,0
16,0,0,0,0,0,0,0,1,0
16,0,0,0,0,0,0,0,0,0
16,0,0,0,0,0,0,0,0,0
16,0,0,0,0,0,0,0,2,0
16,0,0,0,0,0,0,0,1,0
16,0,0,0,0,0,0,0,0,0
16,0,0,0,0,0,0,0,2,0
16,0,0,0,0,0,0,0,0,0
16,0,0,0,0,0,0,0,1,0
16,0,0,0,0,0,1,0,0,0
16,0,0,0,0,0,0,0,0,0
16,0,0,0,0,0,0,0,0,0
16,0,0,0,0,0,1,0,0,0
16,0,0,0,0,0,0,0,2,0
16,0,0,0,0,0,0,0,2,0
16,0,0,0,0,0,0,0,2,0
16,0,0,0,0,0,3,0,0,0
16,0,0,0,0,0,1,0,0,0
16,0,0,0,0,0,0,0,0,0
16,0,0,0,0,0,0,0,0,0
16,0,0,0,0,0,0,0,0,0
16,0,0,0,0,0,0,0,2,0
16,0,0,0,0,0,0,0,0,0
16,0,0,0,0,0,0,0,0,0
16,0,0,0,0,0,0,0,1,0
17,0,0,0,0,0,2,0,0,0
17,0,0,0,0,0,2,0,0,0
17,0,0,0,0,0,2,0,0,0
17,0,0,0,0,0,0,0,0,0
17,0,0,0,0,0,3,0,0,0
17,0,0,0,0,0,2,0,0,0
17,0,0,0,0,0,0,0,0,0
17,0,0,0,0,0,2,0,0,0
17,0,0,0,0,0,2,0,0,0
17,1,0,0,0,0,1,0,0,0
17,0,0,0,0,0,2,0,0,0
17,0,0,0,1,0,2,0,0,0
17,0,0,0,0,0,2,0,0,0
17,0,0,0,0,0,2,0,0,0
17,0,0,0,0,0,2,0,0,0
17,0,0,0,0,0,4,0,0,0
17,0,0,0,0,0,2,0,0,0
17,0,0,0,0,0,1,0,0,0
17,0,0,0,0,0,3,0,0,0
17,0,0,0,0,0,2,0,0,0
17,0,0,0,0,0,3,0,0,0
17,0,0,0,0,0,3,0,0,0
17,0,0,0,0,0,3,0,0,0
17,0,0,0,0,0,3,0,0,0
17,0,1,0,0,1,4,0,0,0
17,2,0,0,0,0,2,0,0,0
17,1,0,0,0,1,2,0,0,0
17,0,0,0,0,0,0,0,0,0
17,0,0,0,0,0,0,0,0,0
17,0,0,0,0,0,1,0,0,0
17,0,0,0,0,0,2,0,0,0
17,1,0,0,0,0,0,0,0,0
17,1,0,0,0,0,2,0,0,0
17,0,0,0,0,0,1,0,0,0
17,0,0,0,0,0,3,0,0,0
17,0,0,0,0,0,3,0,0,0
17,1,0,0,0,0,3,0,0,0
17,0,0,0,0,0,2,0,0,0
17,0,0,0,0,0,2,0,0,0
17,0,0,0,0,0,0,0,0,0
17,0,0,0,0,0,3,0,0,0
17,0,0,0,0,0,2,0,0,0
17,0,0,0,0,0,2,0,0,0
17,0,0,0,0,0,3,1,0,0
17,0,0,0,0,0,2,0,0,0
17,0,0,0,0,0,0,0,0,0
17,0,0,0,0,0,4,0,0,0
17,0,0,0,0,0,2,0,0,0
17,0,0,0,0,0,3,0,0,0
17,0,0,0,0,0,1,0,0,0
17,0,0,0,0,0,0,0,0,0
17,0,0,0,0,0,1,0,0,0
17,0,0,0,0,0,4,0,0,0
17,0,0,0,0,0,1,0,0,0
17,0,0,0,0,0,4,0,0,0
17,1,0,0,0,0,0,0,0,0
17,0,0,0,0,0,2,0,0,0
17,1,0,0,0,0,4,0,0,0
17,0,0,0,0,0,5,0,0,0
17,0,0,0,0,0,1,0,0,0
18,0,0,2,0,0,0,0,0,0
18,0,0,4,0,0,0,0,0,0
18,0,0,6,0,0,0,0,0,0
18,0,0,1,0,0,0,0,0,0
18,0,0,0,0,0,0,0,0,0
18,0,0,1,0,0,0,0,0,0
18,0,0,3,0,0,0,0,0,0
18,0,0,3,0,0,0,0,0,0
18,0,0,2,0,0,0,0,0,0
18,2,0,3,0,0,0,0,0,0
18,2,0,2,0,0,0,0,0,0
18,0,0,2,0,0,0,0,0,0
18,0,0,5,0,0,0,0,0,0
18,0,0,2,0,0,0,0,0,0
18,0,0,0,0,0,0,0,0,0
18,0,0,0,0,0,0,0,0,0
18,0,0,1,0,0,0,0,0,0
18,0,0,3,0,0,0,0,0,0
18,0,0,2,0,0,0,0,0,0
18,0,0,2,0,0,0,0,0,0
18,0,0,4,0,0,0,0,0,0
18,0,0,1,0,0,0,0,0,0
18,0,0,3,0,0,0,0,0,0
18,0,0,2,0,0,0,0,0,0
18,0,0,3,0,0,0,0,0,0
18,0,0,2,2,0,0,0,0,0
18,0,0,3,1,0,0,0,0,0
18,1,0,2,0,0,0,0,0,0
18,0,0,2,0,0,0,0,0,0
18,0,0,3,0,0,0,0,0,0
18,1,0,2,0,0,0,0,0,0
18,0,0,4,0,0,0,0,0,0
18,0,0,5,0,0,0,0,1,0
18,1,0,3,0,0,0,0,1,0
18,0,0,4,0,0,0,0,0,0
18,0,0,1,0,0,0,0,0,0
18,0,0,2,0,0,0,0,0,0
18,0,0,1,0,0,0,0,0,0
18,0,0,2,0,0,0,0,0,0
18,0,0,2,0,0,0,0,0,0
18,0,0,3,0,0,0,0,0,0
18,0,0,1,0,0,0,0,0,0
18,0,0,0,0,0,0,0,0,0
18,0,0,2,0,0,0,0,0,0
18,0,0,3,0,0,0,0,0,0
18,0,0,4,0,0,0,0,0,0
18,0,0,1,0,0,0,0,0,0
18,1,0,1,0,0,0,0,0,0
18,0,0,2,0,0,0,0,0,0
18,0,0,2,0,0,0,0,0,0
18,0,0,4,0,0,0,0,0,0
18,0,0,1,0,0,0,0,0,0
18,0,0,0,0,0,0,0,0,0
18,0,0,1,0,0,0,0,0,0
18,0,0,3,0,0,0,0,0,0
18,0,0,3,0,0,0,0,0,0
18,0,0,4,0,0,0,0,0,0
18,0,0,2,0,0,0,0,0,0
18,0,0,3,0,0,0,0,0,0
18,0,0,4,0,0,0,0,0,0
19,0,0,0,0,0,0,3,0,0
19,0,0,0,0,0,0,0,3,0
19,0,0,0,0,0,0,0,0,0
19,0,0,0,0,0,0,0,2,0
19,0,0,0,0,0,0,2,0,0
19,0,0,0,0,0,0,2,0,0
19,0,0,0,0,0,0,0,0,0
19,0,0,0,0,0,0,2,0,0
19,0,0,0,0,0,0,1,0,0
19,0,0,0,0,0,0,2,0,0
19,0,0,0,0,0,0,3,0,0
19,0,0,0,0,0,0,1,0,0
19,0,0,0,0,0,0,3,0,0
19,0,0,0,0,0,0,2,0,0
19,0,0,0,0,0,0,3,0,0
19,0,0,0,0,0,0,4,0,0
19,0,0,0,0,0,0,0,1,0
19,0,0,0,0,0,0,1,0,0
19,0,0,0,0,0,0,3,0,0
19,0,0,0,0,0,0,0,3,0
19,0,0,0,0,0,0,0,0,0
19,0,0,0,0,0,0,0,0,0
19,2,0,0,0,0,0,0,1,0
19,2,0,0,0,0,0,2,0,1
19,4,0,0,0,0,0,1,0,0
19,0,0,0,0,0,0,1,0,0
19,0,0,0,0,0,0,0,1,0
19,0,0,0,0,0,0,4,0,0
19,0,0,0,0,0,0,0,2,0
19,0,0,0,0,0,0,0,1,0
19,2,0,0,0,0,0,0,2,0
19,0,0,0,0,0,0,0,2,0
19,0,0,0,0,0,0,1,0,0
19,0,0,0,0,0,0,0,1,0
19,0,0,0,0,0,0,0,0,0
19,0,0,0,0,0,0,1,1,0
19,0,0,0,0,0,0,0,3,0
19,0,0,0,0,0,0,4,0,0
19,0,0,0,0,0,0,3,0,0
19,0,0,0,0,0,0,2,0,0
19,0,0,0,0,0,0,0,2,0
19,0,0,0,0,0,0,0,1,0
19,0,0,0,0,0,0,0,1,0
19,0,0,0,0,0,0,0,4,0
19,0,0,0,0,0,0,0,2,0
19,0,0,0,0,0,0,3,0,0
19,1,0,0,0,0,0,1,0,0
19,0,0,0,0,0,0,1,0,0
19,0,0,0,0,0,0,0,2,0
19,0,0,0,0,0,0,0,3,0
19,0,0,0,0,0,0,0,0,0
19,0,0,0,0,0,0,0,3,0
19,0,0,0,0,0,0,0,1,0
19,0,0,0,0,0,0,0,3,0
19,0,0,0,0,0,0,0,3,0
19,0,0,0,0,0,0,0,1,0
19,0,0,0,0,0,0,2,0,0
19,0,0,0,0,0,0,3,0,0
19,0,0,0,0,0,0,1,0,0
19,0,0,0,0,0,0,0,0,0
20,0,0,0,1,0,0,4,0,0
20,2,0,0,0,0,0,0,0,0
20,1,0,0,1,0,0,1,0,0
20,0,1,0,0,0,0,1,0,0
20,3,4,0,0,0,0,3,0,0
20,4,4,0,0,0,0,2,0,0
20,0,0,0,0,0,0,2,0,0
20,5,0,0,0,0,0,2,0,0
20,5,0,0,0,0,0,2,0,0
20,5,0,0,0,0,0,4,0,0
20,8,0,0,0,0,0,2,0,0
20,7,1,0,0,0,0,3,0,0
20,6,0,0,0,0,0,3,0,0
20,1,0,0,0,0,0,0,3,0
20,0,0,0,0,0,0,0,0,0
20,0,0,0,0,1,0,0,2,0
20,8,0,0,0,0,0,0,3,0
20,10,0,0,0,0,0,0,5,0
20,7,0,0,0,0,0,0,1,0
20,2,0,0,0,0,0,1,0,0
20,1,0,0,2,0,0,2,0,0
20,0,0,1,0,0,0,2,0,0
20,2,0,1,0,0,0,0,0,0
20,0,0,0,0,0,0,0,0,0
20,4,0,2,0,0,0,1,0,0
20,7,0,0,0,0,0,1,0,0
20,7,0,0,0,0,0,1,0,0
20,2,0,0,0,0,0,4,0,0
20,1,0,0,0,0,0,0,4,0
20,8,0,0,0,0,0,0,2,0
20,5,0,0,0,0,0,0,4,0
20,0,0,0,0,0,0,2,0,0
20,0,0,0,0,0,0,1,0,0
20,1,0,0,0,0,0,2,0,0
20,0,1,0,0,0,0,1,0,0
20,0,0,0,0,0,0,0,0,0
20,0,0,0,0,0,0,1,0,0
20,7,0,0,0,0,0,0,4,0
20,2,0,0,0,0,0,0,4,0
20,4,0,0,0,0,0,0,0,0
20,8,0,0,0,0,0,0,2,0
20,9,0,0,0,0,0,0,1,0
20,3,1,0,0,0,0,0,3,0
20,2,1,1,0,0,0,0,2,0
20,2,0,1,0,0,0,3,0,0
20,1,0,1,0,0,0,1,1,0
20,3,0,0,2,0,0,0,0,0
20,8,0,0,0,1,0,1,0,0
20,5,0,0,0,2,0,0,0,0
20,0,0,0,0,0,0,0,0,0
20,4,0,0,1,0,0,0,0,0
20,8,0,0,0,2,0,0,4,0
20,7,0,0,1,0,0,0,5,0
20,6,0,0,1,0,0,0,4,0
20,0,0,0,0,0,0,0,3,0
20,0,0,0,0,0,0,1,0,0
20,0,0,1,0,0,0,2,0,0
20,0,0,0,1,0,0,0,0,0
20,6,0,0,0,3,0,0,3,0
20,6,0,0,1,1,0,0,2,0
21,0,0,0,0,0,0,1,0,7
21,0,0,0,0,0,4,0,1,5
21,0,0,0,0,0,1,0,1,4
21,0,0,0,0,0,2,0,0,0
21,0,0,0,0,0,1,1,3,0
21,0,0,0,0,0,5,0,1,0
21,0,0,0,0,0,0,0,0,0
21,0,0,0,0,0,0,0,0,0
21,0,0,0,0,0,0,0,0,0
21,1,0,1,0,0,0,0,2,0
21,0,0,0,0,0,0,0,2,0
21,0,0,0,0,0,1,0,3,1
21,0,0,0,0,0,1,0,0,0
21,0,0,0,0,0,4,0,0,0
21,0,0,0,0,0,2,1,0,0
21,0,0,0,0,0,0,0,1,2
21,0,0,1,0,0,0,0,3,0
21,0,0,0,0,0,0,0,4,0
21,0,0,0,0,0,1,0,1,0
21,0,0,0,0,0,0,0,0,0
21,0,0,0,0,0,1,0,0,0
21,0,0,0,0,5,0,0,1,0
21,0,0,0,0,1,0,0,0,1
21,0,0,0,0,0,0,0,0,0
21,0,0,0,0,0,0,0,1,0
21,0,0,0,0,0,1,0,0,1
21,0,0,0,0,0,1,0,0,4
21,0,0,0,0,0,0,0,1,0
21,0,0,2,0,0,0,0,1,1
21,1,0,3,0,0,0,0,1,0
21,0,0,0,0,0,0,0,1,1
21,0,0,0,0,0,0,0,2,3
21,0,0,0,0,0,0,0,0,5
21,1,0,0,0,0,0,0,1,3
21,0,0,1,0,0,0,0,0,3
21,0,0,1,0,0,1,0,0,2
21,0,0,0,0,0,0,0,1,0
21,0,0,0,0,0,3,0,1,0
21,0,0,0,0,0,1,0,0,0
21,0,0,0,0,0,2,0,0,0
21,0,0,0,0,0,0,0,0,0
21,0,0,0,0,0,0,0,1,0
21,0,0,0,0,0,0,0,0,0
21,0,0,0,0,0,0,0,1,0
21,0,0,0,0,0,4,0,0,0
21,0,0,0,0,0,1,0,1,0
21,0,0,0,0,0,1,0,2,0
21,0,0,0,0,1,0,0,2,1
21,0,0,0,0,2,0,0,1,0
21,0,0,0,0,2,0,0,0,3
21,0,0,0,0,0,0,0,0,0
21,0,0,0,0,0,0,0,0,0
21,0,0,0,0,0,3,0,1,0
21,0,0,0,0,0,0,0,0,0
21,0,0,0,0,0,1,0,0,0
21,0,0,0,0,0,0,0,2,3
21,0,0,0,0,0,1,0,0,2
21,0,0,0,0,0,0,0,1,2
21,0,0,0,0,0,1,0,0,1
21,0,0,0,0,0,2,0,1,1
22,0,0,0,0,0,0,1,1,0
22,0,0,1,0,0,0,0,0,0
22,0,0,0,0,0,0,0,2,0
22,0,0,3,0,0,0,1,1,0
22,0,0,1,0,0,0,1,3,0
22,0,0,0,0,0,0,0,1,0
22,0,0,0,0,0,0,0,3,0
22,0,0,0,0,0,0,0,0,0
22,0,0,0,0,0,0,0,4,0
22,0,0,0,0,0,0,0,1,0
22,0,0,0,0,0,0,1,3,0
22,0,1,0,0,0,0,0,1,0
22,0,0,0,0,0,0,0,0,0
22,0,0,0,0,0,0,0,2,0
22,0,0,0,0,0,0,1,1,0
22,0,0,0,0,0,0,1,1,0
22,0,0,1,0,0,0,1,0,0
22,0,0,0,0,0,0,2,0,0
22,0,0,0,0,0,1,4,0,0
22,0,0,0,0,0,1,4,0,0
22,0,0,0,0,0,0,3,0,0
22,0,0,0,0,0,0,0,4,0
22,0,0,0,0,0,0,0,2,0
22,0,0,0,0,0,0,0,0,0
22,0,0,0,0,0,0,0,0,0
22,0,0,0,0,0,0,0,0,0
22,0,0,0,0,0,0,0,0,0
22,0,0,0,0,0,0,0,0,0
22,0,0,0,0,0,0,0,1,0
22,0,0,0,0,0,0,0,2,0
22,0,0,0,0,0,0,0,0,0
22,2,0,0,0,0,0,3,1,0
22,2,0,1,0,0,0,1,1,0
22,0,0,0,0,0,0,1,0,0
22,1,0,0,0,0,0,0,2,0
22,1,0,0,0,0,0,0,1,0
22,0,0,0,0,0,0,1,2,0
22,0,0,0,0,0,0,1,0,0
22,0,0,0,0,0,0,0,0,0
22,0,0,0,0,0,0,0,0,0
22,0,0,0,0,0,0,0,1,0
22,0,0,0,0,0,0,0,2,0
22,0,0,0,0,0,0,1,2,0
22,0,0,0,0,0,0,1,1,0
22,0,0,0,0,0,0,0,0,0
22,0,0,0,0,0,0,1,0,0
22,0,0,0,0,0,0,1,0,0
22,0,0,1,0,0,0,0,0,0
22,0,0,1,0,0,0,0,0,0
22,0,0,1,0,0,0,2,0,0
22,0,0,0,0,0,0,0,0,0
22,0,0,0,0,0,0,1,0,0
22,0,0,0,0,0,0,1,0,0
22,0,0,0,0,0,0,0,0,0
22,0,0,0,0,0,0,0,1,0
22,0,0,0,0,0,0,0,0,0
22,0,0,0,0,0,0,0,0,0
22,0,0,0,0,0,0,0,0,0
22,0,0,0,0,0,0,0,0,0
22,0,0,0,0,0,0,2,0,0
23,0,0,1,2,0,0,1,2,7
23,0,0,1,0,0,0,1,2,3
23,0,0,1,1,0,0,1,1,3
23,0,0,0,1,0,4,1,2,0
23,0,0,0,0,0,3,2,3,0
23,0,0,0,0,1,0,0,1,0
23,0,0,0,0,0,2,1,3,2
23,0,0,1,0,0,0,0,2,3
23,0,0,0,1,0,2,1,1,3
23,0,1,0,3,0,0,1,3,5
23,0,0,1,0,0,0,1,5,6
23,0,0,0,0,0,3,1,3,0
23,0,0,1,0,0,0,3,1,0
23,0,0,1,1,0,0,2,0,0
23,0,0,0,0,0,2,1,0,0
23,0,0,0,2,0,5,3,1,0
23,0,0,0,1,0,2,4,1,0
23,0,0,0,1,1,2,2,3,1
23,0,0,0,0,0,3,1,3,0
23,0,0,0,0,1,1,0,0,1
23,0,0,0,0,0,3,1,0,0
23,0,0,1,3,0,0,1,0,1
23,0,0,0,0,0,0,1,4,0
23,0,0,0,0,0,2,0,3,0
23,1,0,0,4,0,2,0,1,2
23,4,0,0,4,2,0,0,2,1
23,6,0,0,1,4,3,0,0,1
23,1,0,0,1,0,2,4,1,1
23,0,0,0,0,0,0,2,3,0
23,0,0,0,0,0,1,2,0,0
23,0,0,0,0,0,2,1,0,0
23,0,1,0,0,0,2,2,2,2
23,0,1,2,0,0,0,0,1,1
23,0,0,0,0,0,1,2,2,2
23,0,0,0,3,0,3,0,3,1
23,0,0,0,3,0,1,3,0,1
23,0,0,0,3,0,4,2,1,1
23,0,0,0,1,0,4,0,0,1
23,0,0,0,0,0,3,1,1,0
23,0,0,0,1,0,2,2,0,0
23,0,0,0,1,0,3,1,0,0
23,0,0,0,1,2,0,3,1,0
23,0,0,0,1,0,3,3,0,0
23,0,0,0,0,0,3,2,5,2
23,0,0,0,1,1,4,0,4,0
23,0,0,0,0,0,0,1,5,1
23,0,0,0,0,0,2,1,0,1
23,0,0,0,2,0,1,1,0,0
23,0,0,0,2,0,0,0,1,0
23,1,0,0,2,2,2,0,5,0
23,0,0,0,2,1,2,0,7,2
23,0,0,0,0,0,4,2,5,3
23,0,0,0,0,3,2,0,0,0
23,0,0,2,1,0,0,1,4,1
23,0,0,3,0,0,0,0,3,2
23,0,0,1,0,0,1,4,1,2
23,7,0,3,1,3,0,1,0,0
23,0,0,0,1,0,1,1,5,0
23,0,0,0,2,0,4,0,8,0
23,0,0,0,1,2,0,2,8,0
24,0,0,0,0,0,2,0,1,7
24,0,0,0,0,0,0,0,0,3
24,1,0,0,0,0,2,0,0,3
24,0,0,1,0,0,0,5,1,2
24,1,1,3,0,0,0,5,0,2
24,2,0,0,0,0,0,2,0,5
24,0,0,1,0,0,0,0,0,3
24,0,0,0,1,0,0,0,0,8
24,0,0,0,0,0,0,0,1,1
24,0,0,0,0,0,1,0,0,0
24,0,0,0,0,0,1,0,0,0
24,0,0,0,0,0,1,0,0,0
24,0,0,0,0,0,0,0,1,0
24,0,0,3,0,0,0,0,0,0
24,1,0,2,0,0,0,0,0,0
24,0,0,0,1,1,0,0,0,0
24,0,0,0,0,0,4,0,1,0
24,0,0,0,1,1,0,0,0,0
24,0,0,1,0,0,0,0,0,0
24,0,0,0,0,1,0,0,0,0
24,0,0,0,0,1,0,0,0,1
24,0,0,1,1,0,0,1,0,0
24,0,0,0,1,0,0,0,0,0
24,0,0,0,0,0,0,0,1,0
24,0,0,2,0,0,1,0,1,5
24,2,3,1,0,1,1,5,0,1
24,3,0,0,0,0,0,2,2,4
24,2,0,0,0,0,2,3,0,2
24,1,2,0,0,0,0,0,0,5
24,0,1,1,0,0,0,0,1,3
24,0,0,4,0,0,0,0,0,2
24,1,0,0,0,0,0,3,0,4
24,3,0,0,0,0,1,2,1,1
24,3,0,0,0,0,2,1,1,4
24,0,0,0,1,0,2,1,0,0
24,1,0,0,0,0,4,0,1,0
24,0,0,0,2,0,3,0,1,2
24,0,0,0,1,0,4,0,0,4
24,0,0,0,0,0,3,0,0,2
24,0,0,0,0,0,3,0,0,3
24,0,0,0,1,0,1,0,0,0
24,0,0,0,0,0,3,0,0,0
24,0,0,0,0,0,3,0,0,0
24,0,0,3,0,0,0,0,1,3
24,0,0,2,0,0,3,0,0,4
24,0,0,0,1,0,0,0,0,0
24,0,0,0,0,0,2,0,1,0
24,0,0,0,0,0,3,0,0,0
24,0,1,0,0,0,1,0,2,5
24,0,0,0,0,0,3,0,0,4
24,0,0,0,0,0,2,0,0,2
24,0,0,0,1,1,0,0,0,0
24,0,0,0,0,0,1,0,0,0
24,0,0,0,0,1,0,0,0,0
24,0,0,0,0,0,3,0,0,0
24,0,0,0,0,0,2,0,0,0
24,0,0,3,0,0,0,0,0,0
24,0,0,0,2,0,2,0,0,0
24,0,0,0,0,0,2,0,0,0
24,0,0,0,0,0,1,0,0,2
25,0,0,5,0,0,0,2,0,0
25,0,0,2,0,0,0,0,0,0
25,0,0,2,0,0,0,0,0,0
25,0,0,3,0,0,0,0,0,0
25,0,0,4,0,0,0,1,0,0
25,0,0,3,0,0,0,1,0,0
25,0,0,2,0,0,0,2,0,0
25,0,0,4,0,0,0,2,0,0
25,0,0,4,0,0,0,1,0,0
25,0,0,4,0,0,0,0,0,0
25,0,0,3,0,0,0,1,0,0
25,0,0,5,0,0,0,1,0,0
25,0,0,4,0,0,0,2,0,0
25,0,0,6,0,0,0,2,0,0
25,0,0,5,0,0,0,2,0,0
25,0,0,4,0,0,0,3,0,0
25,0,0,3,0,0,0,3,0,0
25,0,0,1,0,0,0,3,0,0
25,0,1,3,0,0,0,1,0,0
25,0,5,1,0,0,0,3,0,0
25,0,3,3,0,0,0,4,0,0
25,0,0,3,0,0,0,0,0,0
25,0,0,4,0,0,0,0,0,0
25,0,0,4,0,0,0,0,0,0
25,0,0,2,0,0,0,0,0,0
25,0,1,4,0,0,0,0,0,0
25,0,0,5,0,0,0,1,0,0
25,0,2,2,0,0,0,1,0,0
25,0,0,3,0,0,0,1,0,0
25,0,0,5,0,0,0,1,0,0
25,0,0,5,0,0,0,1,0,0
25,0,1,4,0,0,0,0,0,0
25,0,1,5,0,0,0,3,0,0
25,0,0,2,0,0,0,1,0,0
25,0,0,5,0,0,0,0,0,0
25,0,0,6,0,0,0,1,0,0
25,1,0,4,0,0,0,1,0,0
25,0,0,6,2,0,0,0,0,0
25,0,0,2,1,0,0,0,0,0
25,0,0,3,0,0,0,2,0,0
25,0,0,3,0,0,0,3,0,0
25,0,0,1,0,0,0,2,0,0
25,0,0,2,0,0,0,2,0,0
25,0,0,6,0,0,0,0,0,0
25,0,0,2,0,0,1,2,0,0
25,0,0,2,0,0,0,2,0,0
25,0,0,4,0,0,0,0,0,0
25,0,0,2,0,0,0,1,0,0
25,0,0,3,0,0,0,1,0,0
25,0,0,3,0,0,0,2,0,0
25,0,0,6,0,0,0,3,0,0
25,0,0,2,0,0,0,0,0,0
25,0,0,4,0,0,0,2,0,0
25,0,0,3,1,0,0,2,0,0
25,0,0,5,0,0,0,4,0,0
25,0,0,2,0,0,0,1,0,0
25,0,0,6,0,0,0,2,0,0
25,0,0,4,0,0,0,2,0,0
25,0,0,4,0,0,0,2,0,0
25,0,0,2,0,0,0,1,0,0
26,0,0,0,0,0,0,1,0,5
26,0,0,0,0,0,0,0,2,1
26,0,0,0,0,0,0,0,2,5
26,0,0,0,0,0,0,1,1,0
26,0,0,0,0,0,0,2,1,0
26,0,0,0,0,0,0,0,0,0
26,1,0,0,0,0,0,0,2,3
26,0,1,0,0,0,0,1,0,2
26,0,0,2,0,0,0,0,1,3
26,0,0,0,0,0,0,2,1,0
26,0,0,0,0,0,0,1,1,0
26,0,1,0,0,0,0,0,0,0
26,0,0,0,0,0,0,1,1,0
26,0,0,0,0,0,0,0,1,0
26,0,0,0,0,0,0,1,2,0
26,0,0,0,0,0,0,0,2,0
26,0,0,0,0,0,6,0,1,0
26,1,0,0,0,0,0,0,3,4
26,0,0,0,0,0,0,0,0,3
26,0,0,0,0,0,1,0,1,0
26,0,0,0,0,0,0,0,2,0
26,0,0,0,0,0,0,0,0,1
26,3,0,0,0,1,0,1,0,0
26,1,0,1,0,0,0,0,3,1
26,1,1,0,0,0,0,1,1,1
26,0,0,0,0,0,0,0,1,0
26,0,0,0,0,0,0,0,0,0
26,0,0,0,0,0,0,0,0,0
26,0,0,0,0,0,0,1,0,1
26,2,0,1,0,0,0,1,0,1
26,3,0,0,0,0,0,1,0,2
26,0,2,0,0,0,0,1,2,1
26,0,0,0,0,0,0,0,1,2
26,0,0,0,0,0,0,0,1,3
26,0,0,0,0,0,0,2,0,2
26,0,0,0,0,0,0,1,1,0
26,0,0,0,0,0,1,1,2,0
26,0,0,0,0,0,0,0,1,0
26,0,0,0,0,0,0,0,0,0
26,0,0,0,0,0,0,0,0,0
26,0,0,0,0,0,0,0,0,0
26,0,0,0,0,0,0,0,1,0
26,0,0,0,0,0,0,0,0,2
26,0,0,0,0,0,1,0,1,0
26,0,0,0,0,0,0,0,0,1
26,0,0,0,0,0,0,0,0,3
26,0,0,0,0,0,0,1,0,0
26,0,0,0,0,0,0,0,0,0
26,0,0,0,0,0,0,0,0,1
26,0,0,0,0,0,0,0,1,1
26,0,0,0,0,0,0,0,1,4
26,0,0,0,0,0,0,0,1,3
26,0,2,0,0,0,0,0,1,2
26,0,1,1,0,0,0,1,0,1
26,1,0,1,0,0,1,0,2,0
26,0,0,0,0,0,0,0,1,0
26,0,0,0,0,0,0,0,2,0
26,0,0,0,0,0,0,0,1,1
26,0,0,0,0,0,0,0,0,1
26,0,0,0,0,0,0,0,1,1
27,0,0,0,0,0,1,3,0,0
27,0,0,0,0,0,1,2,0,0
27,0,0,0,0,0,0,3,0,0
27,0,0,2,0,0,0,1,0,0
27,0,0,5,0,0,0,1,0,0
27,0,0,4,0,0,0,2,0,0
27,0,0,0,0,0,1,2,0,0
27,0,0,0,0,0,1,3,0,1
27,0,0,0,0,0,1,1,0,1
27,0,0,0,0,0,1,2,0,0
27,0,0,0,0,0,1,2,0,0
27,0,0,0,0,0,1,1,0,0
27,0,0,4,0,0,0,1,0,0
27,0,0,3,0,0,0,3,0,0
27,0,0,7,0,0,0,1,0,0
27,0,0,3,0,0,0,1,0,0
27,0,0,3,0,0,0,2,0,0
27,0,0,5,0,0,0,0,0,0
27,0,0,0,0,0,2,3,0,0
27,0,0,1,0,0,2,4,0,0
27,0,0,0,0,0,3,3,0,0
27,0,0,0,0,0,6,2,0,0
27,0,0,1,0,0,4,1,0,0
27,0,0,0,0,0,2,2,0,0
27,0,0,2,0,0,0,1,0,0
27,0,0,0,0,0,3,0,0,0
27,0,0,2,0,0,0,0,0,0
27,1,0,1,0,0,0,1,0,0
27,2,0,0,0,0,1,1,0,0
27,2,0,1,0,0,0,1,0,1
27,0,0,0,0,0,0,1,0,0
27,0,0,0,0,0,1,5,0,0
27,1,0,0,0,0,0,3,0,0
27,0,0,0,0,0,0,1,0,0
27,0,0,0,0,0,2,2,0,1
27,0,0,0,0,0,2,1,0,0
27,0,0,0,0,0,3,3,0,0
27,0,0,0,0,0,2,1,0,0
27,0,0,0,0,0,1,3,0,0
27,0,0,0,0,0,3,3,0,0
27,0,0,1,0,0,0,1,0,0
27,0,0,0,0,0,0,0,0,0
27,0,0,0,0,0,0,1,0,0
27,1,0,0,0,0,0,1,0,0
27,1,0,1,0,0,2,2,0,0
27,0,0,0,0,0,8,1,0,0
27,0,0,1,0,0,0,0,0,0
27,0,0,0,0,0,0,2,0,0
27,0,0,0,0,0,0,1,0,0
27,0,0,1,0,0,0,0,0,0
27,0,0,1,0,0,0,0,0,0
27,0,0,1,0,0,0,2,0,0
27,0,0,2,0,0,0,1,0,0
27,0,0,0,0,0,0,1,0,0
27,0,0,1,0,0,0,1,0,0
27,0,0,0,0,0,1,1,0,0
27,0,0,0,0,0,0,0,0,0
27,0,0,0,0,0,1,0,0,1
27,0,0,0,0,0,0,4,0,0
27,0,0,1,0,0,0,2,0,0
28,0,0,0,0,6,4,0,0,3
28,0,5,0,0,3,1,0,1,1
28,0,0,0,0,7,2,0,0,0
28,0,2,0,0,2,2,1,0,0
28,0,1,0,0,0,1,0,1,2
28,0,2,0,0,0,1,0,2,0
28,0,4,0,0,2,4,0,0,0
28,0,0,0,0,0,1,0,0,0
28,0,0,0,0,1,3,0,3,0
28,0,1,0,0,8,4,0,0,0
28,0,1,0,0,3,3,0,0,1
28,0,0,0,2,0,0,0,1,0
28,0,0,0,1,0,1,0,1,0
28,0,0,0,2,0,0,0,0,1
28,0,1,0,0,0,2,1,0,0
28,0,0,0,0,2,2,0,0,0
28,0,0,0,1,0,2,3,0,0
28,0,0,0,0,2,0,0,0,0
28,0,0,0,0,0,0,0,0,0
28,0,1,0,0,1,0,2,0,0
28,1,0,0,0,4,1,0,2,0
28,0,1,0,0,1,2,0,0,0
28,1,0,0,1,5,1,2,1,0
28,0,0,0,0,0,2,0,0,0
28,0,0,0,0,0,1,0,0,0
28,0,0,0,0,0,0,0,0,0
28,0,0,0,0,2,0,0,0,0
28,0,2,0,0,2,0,0,0,0
28,0,1,0,0,0,4,0,0,0
28,0,0,0,0,0,2,0,0,0
28,0,0,0,0,0,0,0,0,0
28,0,2,0,0,2,0,1,1,1
28,0,1,0,0,3,0,5,0,1
28,0,0,0,0,6,1,2,1,1
28,0,2,0,0,2,3,0,0,0
28,0,2,0,0,2,3,0,0,0
28,0,5,0,0,3,1,1,1,2
28,0,0,0,0,0,2,0,0,0
28,0,0,0,0,0,1,0,0,0
28,0,0,0,0,0,1,0,0,0
28,0,3,0,0,4,0,0,0,0
28,0,3,0,0,1,1,0,0,0
28,0,1,0,0,0,1,0,0,0
28,0,1,0,0,0,0,0,0,0
28,0,1,0,0,0,0,0,0,0
28,0,1,0,0,1,1,0,0,0
28,0,0,0,0,0,4,0,0,0
28,0,0,0,0,3,1,0,0,1
28,0,0,0,0,4,0,0,0,0
28,0,1,0,0,0,3,0,0,1
28,0,1,0,0,0,2,0,0,0
28,0,2,0,0,0,0,0,0,0
28,0,1,0,0,0,1,0,0,0
28,0,0,0,0,3,4,0,0,0
28,1,0,0,0,1,3,0,0,0
28,0,0,0,0,4,7,0,0,0
28,0,1,1,0,5,0,0,0,0
28,0,1,1,0,3,1,0,0,0
28,0,3,0,0,1,1,0,0,0
28,0,1,0,0,0,1,0,0,0
29,0,6,0,0,1,1,0,0,3
29,0,2,0,0,2,0,0,0,8
29,0,1,0,0,7,0,0,0,7
29,0,3,0,0,2,0,0,0,4
29,0,3,0,0,3,0,0,0,5
29,1,4,0,0,3,0,0,0,7
29,0,5,0,0,0,1,0,0,3
29,0,5,0,0,0,3,0,0,0
29,0,2,0,0,2,2,0,0,5
29,0,0,0,0,5,0,0,0,7
29,1,0,0,0,3,0,0,0,3
29,1,0,0,0,1,0,0,5,0
29,0,5,0,0,3,3,0,0,2
29,0,6,0,0,1,3,0,0,3
29,0,4,0,0,3,3,0,0,4
29,0,4,0,0,1,3,0,0,1
29,0,4,0,0,3,2,0,0,4
29,0,1,0,0,4,0,0,0,7
29,0,2,0,0,2,0,0,0,4
29,0,2,0,0,5,0,0,0,4
29,0,4,0,0,1,2,0,0,3
29,0,2,0,0,2,2,2,0,4
29,0,4,0,0,0,3,1,0,1
29,0,5,0,0,5,3,0,0,4
29,1,3,0,0,6,1,0,0,7
29,0,2,0,0,5,2,0,0,6
29,0,5,0,0,3,1,0,0,4
29,0,6,0,0,3,2,0,0,4
29,1,3,0,0,5,1,0,0,3
29,0,5,0,0,2,1,0,0,5
29,0,5,0,0,2,2,0,0,3
29,0,3,0,1,0,6,0,0,0
29,0,6,0,1,1,4,0,0,1
29,0,3,0,1,0,1,0,0,2
29,0,4,0,0,2,1,0,0,4
29,0,5,0,0,3,2,0,0,4
29,0,3,0,1,3,0,0,0,5
29,0,3,0,0,0,4,0,0,0
29,1,1,0,0,3,2,0,0,1
29,0,1,0,0,5,2,0,0,3
29,0,5,0,0,4,3,0,0,4
29,0,1,0,2,1,3,0,0,4
29,0,4,0,0,2,3,0,0,2
29,0,2,0,0,1,7,1,0,0
29,0,2,0,0,3,1,0,0,4
29,0,2,0,0,5,0,0,0,6
29,0,4,0,0,3,1,0,0,5
29,0,6,0,0,0,3,0,0,0
29,0,8,0,0,2,2,0,0,1
29,1,0,0,0,8,1,0,0,3
29,1,3,0,0,5,2,0,0,7
29,0,7,0,0,3,2,0,0,4
29,0,6,0,0,1,2,0,0,2
29,0,3,1,0,0,4,0,0,0
29,0,5,0,1,2,2,0,0,0
29,0,6,0,0,0,2,0,0,0
29,3,0,0,0,3,0,0,1,3
29,0,1,0,0,0,5,0,0,0
29,0,2,0,0,0,6,0,0,0
29,0,1,0,0,0,7,0,0,0
30,0,0,0,0,0,0,1,1,1
30,0,0,0,0,0,0,0,0,0
30,0,0,0,0,0,0,0,2,0
30,0,0,0,0,0,0,1,0,0
30,0,0,0,0,0,0,1,1,0
30,0,0,0,0,0,0,1,1,0
30,2,0,0,0,0,0,0,1,0
30,1,0,0,0,0,0,0,2,2
30,0,0,0,0,0,0,1,2,1
30,0,0,0,0,0,0,1,1,0
30,0,0,0,0,0,0,1,0,0
30,0,0,0,0,0,0,0,0,0
30,0,0,0,0,0,0,1,1,2
30,0,0,0,0,0,0,2,1,2
30,0,0,0,0,0,0,1,1,3
30,0,0,1,0,0,0,0,0,0
30,0,1,0,0,0,0,0,0,1
30,0,0,1,0,0,0,0,0,4
30,0,1,0,0,0,0,1,0,1
30,0,0,0,0,0,0,0,1,1
30,0,0,0,0,0,0,0,0,0
30,0,0,0,0,0,0,0,1,0
30,2,0,0,0,1,0,1,0,0
30,0,0,0,0,2,0,0,1,0
30,0,0,0,0,1,0,1,1,2
30,0,1,0,0,0,0,0,0,1
30,0,0,0,0,0,0,0,1,0
30,0,0,0,0,0,0,0,0,2
30,2,0,0,0,2,0,0,0,3
30,0,0,0,0,0,0,0,1,2
30,1,0,0,0,0,0,0,0,1
30,0,0,0,0,0,0,0,1,2
30,0,0,0,0,0,0,0,0,2
30,0,0,0,0,0,0,1,0,0
30,0,0,0,0,0,1,1,1,0
30,0,0,0,0,0,1,0,1,0
30,0,0,0,0,0,0,1,2,1
30,0,0,0,0,0,0,0,0,0
30,0,0,0,0,0,0,0,1,0
30,0,0,0,0,0,0,0,0,0
30,0,0,0,0,0,0,0,0,0
30,0,0,0,0,0,0,0,0,0
30,0,0,0,0,0,0,0,0,0
30,0,0,0,0,0,0,0,1,0
30,0,0,0,0,0,0,0,0,0
30,0,0,0,0,0,0,0,0,1
30,0,0,0,0,0,0,2,1,0
30,0,0,0,0,0,0,2,1,0
30,0,0,0,0,0,0,1,1,0
30,0,0,0,0,0,0,0,0,0
30,0,0,0,0,0,0,0,0,0
30,0,0,0,0,0,0,0,0,0
30,0,0,0,0,0,0,0,0,0
30,0,0,0,0,0,0,0,1,1
30,0,0,0,0,0,0,1,0,0
30,0,0,0,0,0,0,2,0,0
30,0,0,0,0,0,0,1,0,0
30,0,1,0,0,0,0,0,1,0
30,0,0,0,0,0,0,0,0,0
30,0,0,0,0,0,0,0,1,0
31,0,0,0,0,0,0,0,1,0
31,0,0,0,0,0,0,0,0,0
31,0,0,0,0,0,0,1,1,0
31,0,0,0,1,0,0,0,0,0
31,0,0,0,0,0,0,1,0,0
31,0,0,0,0,0,0,1,0,1
31,0,0,0,0,0,0,0,0,0
31,0,1,0,0,0,0,0,0,0
31,0,0,0,0,0,0,0,0,0
31,0,0,0,0,0,0,1,0,2
31,0,0,0,0,0,0,1,0,4
31,0,0,0,0,0,0,1,0,1
31,0,1,0,1,0,0,0,0,2
31,0,0,0,0,0,0,1,0,2
31,0,0,0,0,0,0,0,0,2
31,0,0,0,0,0,0,0,0,0
31,0,1,0,0,0,0,0,0,5
31,0,0,0,0,0,0,2,0,0
31,0,0,0,0,0,0,0,1,5
31,0,0,0,0,0,0,1,0,0
31,0,0,0,0,0,0,0,0,4
31,0,0,0,0,0,0,0,0,2
31,0,0,0,0,0,0,0,0,1
31,0,0,0,0,0,0,0,0,0
31,0,0,0,0,0,0,0,0,1
31,2,1,0,2,0,0,0,0,0
31,0,0,0,1,0,0,0,0,0
31,1,1,0,1,0,0,2,0,0
31,0,0,0,0,0,0,1,0,2
31,0,0,0,0,0,0,2,0,0
31,0,0,0,0,0,0,0,0,0
31,0,2,0,1,0,0,0,0,1
31,1,2,0,1,0,0,1,0,1
31,0,1,0,2,0,0,1,1,1
31,1,0,0,0,0,0,2,0,1
31,0,0,0,0,0,0,0,0,1
31,0,0,0,0,0,0,1,0,4
31,0,0,0,0,0,0,1,0,3
31,0,0,0,0,0,0,2,0,3
31,0,0,0,0,0,0,0,0,2
31,0,0,0,0,0,0,2,0,0
31,0,0,0,0,0,0,2,0,0
31,0,0,0,0,0,0,0,0,0
31,0,0,0,0,0,0,1,0,2
31,0,0,0,0,0,0,0,0,0
31,0,0,0,0,0,0,1,0,3
31,0,0,0,0,0,0,1,0,0
31,0,0,0,0,0,0,0,0,0
31,0,2,0,0,0,0,0,0,0
31,4,5,0,0,0,0,1,0,0
31,0,0,0,0,0,0,0,0,0
31,0,1,0,0,0,0,1,1,0
31,0,0,0,0,0,0,0,0,0
31,0,0,0,0,0,0,2,0,0
31,0,0,0,0,0,0,1,0,0
31,0,0,0,0,0,0,0,0,0
31,0,0,0,0,0,0,1,0,0
31,0,0,0,0,0,0,0,0,0
31,0,0,0,0,0,0,1,0,0
31,0,1,0,0,0,0,2,0,0
32,0,0,0,0,0,0,2,0,0
32,0,0,0,0,0,0,0,0,0
32,0,0,0,0,0,0,1,0,0
32,0,0,0,0,0,1,1,0,6
32,0,0,0,0,0,0,1,0,6
32,0,0,0,0,0,0,0,0,3
32,0,0,0,0,0,0,0,0,0
32,0,0,0,0,0,0,0,0,0
32,0,0,0,0,0,0,0,0,5
32,0,0,0,0,0,0,1,0,0
32,0,0,0,0,0,0,0,0,0
32,0,0,0,0,1,0,0,0,0
32,0,1,0,0,0,0,1,0,4
32,0,2,0,0,1,0,0,0,2
32,0,0,0,0,3,0,0,0,3
32,0,0,0,0,0,0,0,0,0
32,0,0,0,0,0,0,0,0,0
32,0,0,0,0,1,0,0,0,0
32,0,0,0,0,1,0,1,0,3
32,0,0,0,0,0,0,0,0,2
32,0,0,0,0,0,0,2,0,3
32,1,0,0,0,0,0,1,0,2
32,1,0,0,0,0,0,0,0,0
32,1,0,1,0,4,0,1,0,0
32,2,0,0,0,1,1,0,0,0
32,1,0,0,0,1,0,1,0,0
32,0,4,0,0,0,0,0,0,1
32,0,0,0,0,0,0,1,0,2
32,0,0,0,0,0,1,0,0,0
32,0,0,0,0,0,0,2,0,3
32,0,0,0,0,0,0,1,0,2
32,1,0,0,0,1,1,0,0,0
32,2,0,0,0,0,0,0,0,2
32,1,0,0,0,0,1,0,0,4
32,0,0,0,0,0,0,1,0,4
32,0,0,0,0,0,2,2,0,3
32,0,0,0,0,0,1,1,0,2
32,0,0,0,0,0,0,1,0,0
32,0,0,0,0,0,1,2,0,0
32,0,0,0,0,0,1,2,0,0
32,0,1,0,0,0,0,0,0,1
32,0,2,0,0,0,0,0,0,0
32,0,2,0,0,0,0,0,0,0
32,0,1,0,0,0,1,0,0,0
32,1,0,3,0,0,0,0,0,1
32,0,1,0,0,0,0,0,0,1
32,1,0,0,0,0,0,2,0,2
32,0,0,0,0,0,1,0,0,0
32,0,0,0,0,0,4,0,0,0
32,0,0,0,0,0,4,1,0,0
32,0,0,0,0,0,0,0,0,1
32,0,0,0,0,0,0,1,0,5
32,0,0,1,0,0,0,0,0,3
32,0,0,0,0,0,0,1,0,1
32,0,0,0,0,0,0,1,0,3
32,0,0,0,0,2,0,1,0,2
32,0,0,0,0,0,0,1,0,2
32,0,0,0,0,0,2,0,0,0
32,0,0,0,0,0,4,2,0,0
32,0,0,0,0,0,3,2,0,0
33,0,0,0,2,0,1,1,0,0
33,0,0,0,2,0,0,0,0,0
33,0,0,0,2,0,0,0,0,0
33,0,0,0,0,0,0,0,2,0
33,0,0,0,1,1,0,0,0,0
33,0,0,0,1,0,0,1,1,0
33,0,0,0,0,0,2,1,0,0
33,0,0,0,1,0,3,0,0,3
33,0,0,0,2,1,3,1,0,4
33,0,0,0,1,0,0,0,0,1
33,0,0,0,1,1,2,0,4,0
33,0,0,0,1,0,1,0,4,0
33,0,0,0,0,0,1,1,0,0
33,0,0,0,0,0,1,0,0,0
33,0,0,0,1,0,0,2,0,0
33,0,0,0,0,1,0,0,2,1
33,0,0,0,1,1,0,0,0,1
33,0,0,0,0,1,0,0,1,1
33,0,0,0,0,1,2,0,3,0
33,3,0,0,0,0,1,1,1,0
33,1,0,0,1,0,0,0,3,0
33,0,0,0,0,0,0,0,0,0
33,1,0,0,0,0,1,2,0,0
33,3,0,0,0,0,3,1,0,1
33,2,0,0,1,0,3,0,0,0
33,0,0,0,1,0,0,0,2,0
33,0,0,0,1,0,0,1,0,0
33,0,0,1,0,0,0,0,0,0
33,2,0,0,0,0,2,1,0,1
33,3,0,0,0,0,0,0,0,0
33,0,0,0,1,0,0,0,0,0
33,0,0,0,0,0,0,0,1,0
33,0,0,0,1,0,0,0,1,0
33,0,0,1,2,0,0,0,0,0
33,1,0,0,0,0,2,0,0,2
33,1,0,0,0,0,2,2,0,0
33,1,0,0,0,0,0,0,0,2
33,0,0,0,2,0,2,1,0,0
33,0,0,0,3,0,2,2,0,0
33,0,0,0,1,0,5,0,3,0
33,0,0,0,0,0,2,1,2,0
33,0,0,0,0,0,4,0,2,0
33,0,0,1,0,0,0,1,1,0
33,0,1,1,0,1,0,2,3,0
33,0,0,0,1,0,0,1,0,0
33,0,0,0,0,1,0,0,0,0
33,0,1,0,0,0,0,0,0,0
33,0,0,0,0,0,0,0,1,0
33,0,0,0,0,3,1,1,1,0
33,0,0,0,0,1,0,1,0,0
33,0,0,0,0,1,0,1,0,0
33,0,0,0,1,0,0,0,1,0
33,0,0,0,0,0,0,0,3,0
33,0,0,0,1,0,1,0,2,0
33,0,0,0,0,0,0,0,2,0
33,0,0,0,0,0,1,0,4,0
33,0,0,0,0,0,1,0,3,0
33,0,0,0,0,0,0,0,3,0
33,1,0,0,0,1,0,1,1,0
33,0,0,0,0,2,0,0,1,0
34,0,0,0,0,0,1,0,1,0
34,0,0,0,0,0,1,1,2,0
34,0,0,0,0,0,3,0,2,0
34,0,0,0,0,0,4,0,1,0
34,0,0,0,0,0,4,1,1,0
34,0,0,0,0,1,4,0,2,0
34,0,0,0,0,0,1,1,2,0
34,1,0,0,0,2,1,0,0,0
34,0,0,0,0,0,2,2,2,0
34,0,0,2,0,0,1,3,4,0
34,0,0,0,0,1,1,0,4,0
34,1,0,2,0,4,1,1,1,0
34,0,0,0,1,0,3,0,1,0
34,0,0,0,1,0,1,0,1,0
34,0,0,0,0,0,1,1,1,0
34,0,0,0,1,0,3,1,2,0
34,0,0,0,0,0,2,4,0,0
34,0,0,0,0,0,3,0,1,0
34,1,1,0,1,0,2,2,2,0
34,1,0,0,0,2,3,1,4,0
34,2,0,0,0,3,3,1,3,0
34,2,0,0,2,0,4,1,1,0
34,2,1,0,1,1,3,1,0,0
34,2,0,0,2,0,5,2,2,0
34,0,0,0,2,0,0,1,0,0
34,0,0,0,2,0,0,0,7,0
34,0,0,0,1,0,2,2,4,0
34,1,0,0,1,1,2,0,5,0
34,0,0,0,0,1,3,2,6,0
34,0,0,0,0,1,2,1,5,2
34,0,0,0,2,3,3,2,0,0
34,1,0,1,1,2,1,2,0,0
34,1,0,0,0,2,0,3,0,0
34,0,0,2,0,0,0,3,1,0
34,0,0,1,0,0,0,0,4,0
34,0,0,1,1,0,1,2,2,0
34,0,0,0,1,0,1,1,1,0
34,0,2,0,0,0,4,0,1,0
34,0,1,0,1,0,1,0,1,0
34,0,0,0,5,0,3,1,8,0
34,0,0,0,1,0,3,1,0,0
34,0,0,0,0,0,2,1,1,0
34,3,0,0,5,5,0,0,0,0
34,3,0,0,4,2,1,0,3,0
34,0,0,0,3,0,1,0,0,0
34,0,0,0,4,0,4,1,0,0
34,1,0,0,4,0,3,1,1,0
34,5,0,2,0,3,0,1,3,0
34,0,0,2,1,0,0,1,2,0
34,2,0,5,2,2,0,0,3,0
34,1,0,4,4,1,0,0,1,0
34,1,0,0,2,1,2,0,0,0
34,0,0,1,4,0,0,2,8,0
34,0,0,2,3,0,0,1,7,0
34,0,0,0,5,3,2,1,0,0
34,0,0,0,0,1,1,1,2,0
34,0,0,0,2,2,3,2,0,0
34,0,0,0,0,0,2,1,1,0
34,0,0,0,1,0,4,1,1,0
34,0,0,0,5,0,3,1,8,0
35,0,0,0,0,0,0,3,0,0
35,0,0,0,0,0,0,2,2,0
35,0,0,0,0,0,0,1,1,0
35,0,0,0,0,0,1,1,0,0
35,1,0,0,1,0,4,2,0,0
35,1,0,0,2,0,3,1,0,0
35,0,0,0,0,0,0,0,3,0
35,0,0,0,0,0,0,0,3,0
35,0,0,0,0,0,0,2,0,0
35,0,0,0,0,0,0,2,0,0
35,0,0,0,0,0,0,0,0,0
35,0,0,0,0,0,0,2,0,0
35,0,0,0,1,0,0,0,3,0
35,0,0,0,0,0,2,0,2,0
35,0,0,0,1,0,0,0,0,0
35,0,0,0,0,0,2,2,0,2
35,0,0,0,0,0,0,3,0,0
35,0,0,0,0,0,3,2,0,2
35,0,0,0,0,0,0,0,2,0
35,0,0,0,0,0,0,0,0,0
35,0,1,0,0,0,0,0,0,0
35,0,0,0,0,0,0,0,3,0
35,0,0,0,0,0,0,0,3,0
35,0,0,0,0,0,0,0,3,0
35,1,0,0,1,0,1,0,2,0
35,2,0,0,2,0,5,0,0,0
35,2,1,0,0,0,1,0,3,0
35,1,0,0,2,0,0,0,5,0
35,0,0,0,0,0,0,1,3,0
35,0,0,0,0,0,0,0,1,0
35,0,0,0,0,0,0,0,5,0
35,0,0,0,2,0,6,0,0,0
35,0,0,0,0,0,2,2,0,0
35,2,0,0,1,0,5,3,0,0
35,0,0,0,0,0,0,2,0,0
35,0,0,0,2,0,0,3,0,0
35,0,0,0,0,0,0,3,0,0
35,0,0,0,0,0,0,0,1,0
35,0,0,0,0,0,0,0,5,0
35,0,0,0,0,0,0,0,4,0
35,0,0,0,0,0,0,0,1,0
35,0,0,0,0,0,0,0,1,0
35,0,0,0,0,0,0,0,1,0
35,0,0,0,0,0,0,1,0,0
35,0,1,0,0,0,0,3,0,0
35,0,0,0,0,0,0,3,0,0
35,0,0,0,0,0,0,0,0,0
35,0,0,0,0,0,0,0,2,0
35,0,0,0,0,0,0,0,1,0
35,0,0,0,0,0,0,1,0,0
35,0,0,0,0,0,0,0,0,0
35,0,0,0,0,1,0,0,3,0
35,0,0,0,0,0,0,0,1,0
35,0,0,0,0,0,0,0,3,0
35,0,0,0,0,0,0,2,0,0
35,0,0,0,0,0,0,1,0,0
35,0,0,0,0,0,0,3,0,0
35,0,0,0,0,0,0,0,0,0
35,0,0,0,1,0,0,0,2,0
35,0,0,0,0,0,0,1,0,0
36,1,1,2,0,0,0,0,4,0
36,0,0,1,0,0,0,0,4,0
36,0,0,1,0,0,0,0,0,0
36,0,0,1,3,0,0,0,4,0
36,0,0,0,1,4,1,0,2,2
36,0,0,0,1,1,0,0,5,0
36,2,0,1,0,1,0,0,4,0
36,1,2,1,0,0,0,0,0,0
36,0,0,1,1,0,0,0,0,0
36,3,0,1,1,0,0,0,0,0
36,0,0,1,0,0,0,0,0,0
36,0,0,0,0,0,0,0,0,0
36,0,0,3,0,0,0,0,3,0
36,0,0,2,1,0,0,0,4,0
36,0,1,0,0,0,0,0,1,0
36,0,1,0,0,0,1,0,0,0
36,0,1,0,0,0,1,0,0,0
36,0,1,0,0,0,3,0,1,0
36,0,0,0,2,0,0,0,0,0
36,0,1,0,4,0,2,0,0,0
36,0,0,2,0,0,0,0,4,0
36,3,0,1,0,2,0,0,3,2
36,0,0,2,1,0,0,0,0,0
36,0,0,2,0,0,0,0,0,0
36,0,0,1,0,0,0,0,0,0
36,0,2,2,1,2,0,0,4,1
36,0,2,2,3,4,0,0,4,2
36,0,3,2,4,2,0,0,4,1
36,0,0,2,0,0,0,0,5,0
36,1,0,0,0,0,0,0,3,0
36,0,0,0,0,0,0,0,5,0
36,0,1,0,0,0,1,0,3,0
36,0,2,0,1,0,2,0,3,0
36,0,0,0,0,0,0,0,0,0
36,1,0,1,1,2,0,0,0,0
36,0,0,2,3,1,0,0,4,0
36,1,0,2,0,10,0,0,1,6
36,0,0,0,0,0,0,0,1,0
36,0,0,0,0,0,0,0,0,0
36,0,0,1,0,0,0,0,1,0
36,0,0,1,0,0,0,0,0,0
36,3,0,1,0,1,0,0,3,0
36,0,0,1,0,0,0,0,0,0
36,0,3,2,0,0,0,0,0,1
36,0,2,1,0,5,2,0,0,4
36,0,0,1,0,0,0,0,0,0
36,0,1,3,0,5,0,0,0,4
36,0,1,2,0,0,0,0,0,0
36,1,1,2,0,1,0,0,1,0
36,0,1,1,0,0,0,0,0,0
36,0,0,0,0,0,0,0,0,0
36,0,0,1,1,0,0,0,1,0
36,0,0,0,4,0,0,0,2,2
36,1,0,1,3,4,0,0,0,5
36,1,0,0,4,1,0,0,7,0
36,0,0,0,0,0,0,0,1,0
36,0,0,0,0,0,0,0,0,0
36,2,0,2,2,1,0,0,5,0
36,3,0,1,4,4,0,0,5,1
36,1,0,1,3,2,0,0,7,0
37,0,2,0,0,0,2,0,0,0
37,0,0,1,0,0,0,0,0,0
37,0,1,1,0,0,1,0,0,0
37,1,0,1,1,0,1,0,0,0
37,0,1,2,0,0,0,0,0,0
37,1,0,1,0,0,0,0,0,0
37,0,0,0,0,0,1,0,0,0
37,0,0,0,0,0,3,0,0,0
37,0,0,0,0,0,1,0,0,0
37,0,0,2,0,0,0,0,0,0
37,0,0,1,0,0,0,0,0,0
37,0,0,4,0,0,0,0,0,0
37,0,0,0,0,0,2,0,0,0
37,0,0,0,0,0,3,0,0,0
37,0,0,0,0,0,1,0,0,0
37,0,1,0,0,0,2,0,0,0
37,0,0,0,1,0,1,0,0,0
37,0,0,0,0,0,2,0,0,0
37,1,0,0,0,0,3,0,1,0
37,1,0,0,1,0,4,0,1,0
37,0,0,0,1,0,4,0,1,0
37,0,0,0,1,0,4,0,1,0
37,0,0,4,0,0,0,0,0,0
37,0,0,5,1,0,0,0,0,0
37,0,0,1,1,0,2,0,0,0
37,0,0,1,0,0,0,0,0,0
37,0,0,0,0,0,4,0,0,0
37,0,0,3,1,0,0,0,0,0
37,2,0,0,0,0,0,0,0,0
37,2,0,1,1,0,0,0,0,0
37,2,0,2,0,0,0,0,0,0
37,0,1,3,0,0,0,0,0,0
37,1,1,2,0,0,0,0,0,0
37,0,1,2,1,0,0,0,0,0
37,0,0,0,0,1,0,2,2,0
37,0,0,1,2,0,1,0,0,0
37,1,1,0,1,0,1,0,2,0
37,0,1,1,1,2,0,0,1,0
37,0,0,1,0,0,2,0,0,0
37,0,0,0,1,0,0,0,0,0
37,0,0,2,0,0,0,0,0,0
37,0,0,4,0,0,0,0,0,0
37,0,1,0,0,0,0,0,0,0
37,0,0,1,0,0,4,0,0,0
37,0,0,1,0,0,0,0,0,0
37,0,0,0,0,0,4,0,0,0
37,0,1,3,0,0,0,0,0,0
37,0,2,4,0,0,0,0,0,0
37,0,0,2,0,0,0,0,0,0
37,0,0,1,0,0,1,0,0,0
37,0,0,0,0,0,3,0,0,0
37,0,0,0,0,0,2,0,0,0
37,2,0,0,0,0,1,0,1,0
37,0,0,0,0,0,2,0,0,0
37,0,0,2,0,0,1,0,0,0
37,0,0,1,2,0,1,0,0,0
37,0,0,1,2,0,1,0,0,0
37,0,0,1,0,0,5,0,0,0
37,0,0,0,0,0,1,0,0,0
37,0,0,1,0,0,0,0,0,0
38,0,0,0,0,0,0,0,0,3
38,0,0,0,0,0,0,0,0,0
38,0,0,0,0,0,0,1,0,2
38,0,0,0,0,0,0,2,0,0
38,0,0,0,0,1,0,0,0,0
38,0,0,0,0,0,0,0,0,0
38,0,0,0,0,0,0,2,0,0
38,0,1,0,0,0,0,2,0,0
38,0,0,0,0,0,0,1,0,0
38,0,0,0,0,0,0,1,0,1
38,0,0,0,0,0,0,1,0,0
38,0,0,0,0,0,0,0,0,0
38,0,0,0,0,0,0,2,0,0
38,0,0,0,0,0,0,3,0,0
38,0,0,0,0,0,0,2,0,0
38,0,0,0,0,0,0,2,0,0
38,0,0,0,0,0,0,0,0,1
38,0,0,0,0,0,0,0,0,3
38,0,0,0,0,0,0,0,0,1
38,0,0,0,0,0,0,2,0,0
38,0,0,0,0,0,0,1,0,0
38,0,1,0,0,0,0,4,0,0
38,0,0,0,0,0,0,1,1,0
38,3,0,0,0,1,0,1,0,0
38,0,1,0,0,0,0,1,0,0
38,0,0,0,0,0,0,1,0,3
38,0,0,0,0,0,0,0,0,1
38,0,0,0,0,0,0,1,0,4
38,1,0,0,0,0,0,0,0,1
38,0,0,0,0,0,0,0,0,0
38,0,1,0,0,0,0,2,0,0
38,0,0,0,0,0,0,1,0,0
38,0,0,0,0,0,0,2,0,0
38,0,1,0,0,0,0,0,1,0
38,0,0,0,0,0,0,1,0,0
38,0,0,0,0,0,0,1,0,0
38,0,0,0,0,0,0,1,0,0
38,0,1,0,0,0,0,2,0,2
38,0,1,0,0,0,0,2,0,1
38,0,0,0,0,0,0,2,0,3
38,0,0,0,0,0,0,1,0,0
38,0,0,0,0,0,0,0,0,0
38,0,0,0,0,0,0,0,1,0
38,0,0,0,0,0,0,0,0,0
38,0,0,0,0,0,0,0,0,0
38,1,0,0,0,0,0,0,0,0
38,0,0,0,0,0,0,2,0,0
38,0,0,0,0,0,0,0,0,0
38,0,0,0,0,0,0,1,0,0
38,0,0,0,0,0,0,2,0,0
38,0,0,0,0,0,0,0,0,0
38,0,0,0,0,0,0,0,0,0
38,0,0,0,0,0,0,0,0,0
38,0,0,0,0,0,0,0,0,2
38,3,0,0,0,0,0,1,0,0
38,0,1,0,0,0,0,0,0,3
38,0,0,0,0,0,0,2,0,0
38,1,0,0,0,0,0,0,0,0
38,1,0,0,0,0,0,0,0,0
38,0,0,0,0,0,0,1,0,0
39,0,0,0,0,0,3,0,0,0
39,0,7,0,0,0,1,0,0,0
39,0,2,0,1,0,3,0,0,0
39,0,0,0,0,0,3,0,0,0
39,0,0,0,0,0,3,0,0,0
39,0,0,1,0,0,3,0,0,0
39,1,0,0,0,0,0,0,0,0
39,1,0,0,0,0,3,0,0,0
39,0,0,0,0,0,0,0,0,1
39,0,0,0,0,0,4,0,0,0
39,0,0,0,0,0,1,0,0,0
39,0,0,0,0,0,3,0,0,0
39,0,0,3,0,0,6,0,0,0
39,0,0,0,1,0,3,0,0,0
39,0,0,0,0,0,4,0,0,0
39,0,0,0,0,0,1,0,0,0
39,1,0,0,0,0,0,0,0,0
39,0,0,0,0,0,1,0,0,0
39,0,0,0,0,0,1,0,0,0
39,0,0,0,0,0,3,0,0,0
39,0,0,0,0,0,1,0,0,0
39,0,0,0,0,0,3,0,0,0
39,0,0,0,0,0,5,0,0,0
39,0,0,0,0,0,2,0,0,0
39,0,0,0,0,0,3,0,0,0
39,1,0,0,0,0,2,0,0,0
39,1,0,0,0,0,2,0,0,0
39,2,0,0,0,0,1,0,0,0
39,0,0,0,0,0,1,0,0,0
39,0,0,0,0,0,0,0,0,0
39,0,0,0,1,0,2,0,0,0
39,0,0,0,0,0,1,0,0,0
39,1,0,0,0,0,3,0,0,0
39,0,0,0,0,0,1,0,0,0
39,1,1,0,0,0,2,0,0,0
39,0,3,0,0,0,1,0,0,0
39,0,5,0,0,0,2,0,0,0
39,0,0,0,0,0,2,0,0,0
39,0,2,2,0,0,3,0,0,0
39,0,0,1,0,0,2,0,0,0
39,0,0,4,0,0,3,0,0,0
39,0,1,1,0,2,0,0,0,0
39,0,1,0,0,0,3,0,0,0
39,0,0,2,0,0,0,0,0,0
39,0,0,2,0,1,0,0,0,0
39,0,0,2,0,0,1,0,0,0
39,0,3,0,0,0,4,1,0,0
39,0,2,0,0,0,3,3,0,0
39,0,3,0,0,0,6,3,0,0
39,0,1,0,0,0,1,0,0,0
39,0,1,2,0,0,4,0,0,0
39,0,1,1,0,0,2,0,0,0
39,0,0,0,0,0,1,0,0,0
39,0,1,0,0,0,2,0,0,0
39,0,4,0,0,0,3,0,0,0
39,0,0,0,0,0,2,0,0,0
39,1,0,0,0,0,3,0,0,0
39,0,0,0,0,0,2,0,0,0
39,0,0,0,0,0,4,0,0,0
39,0,0,0,0,0,2,0,0,0
40,0,0,2,0,0,0,0,0,0
40,0,0,2,0,0,0,0,0,0
40,2,0,0,0,0,0,0,0,0
40,0,0,0,0,0,0,0,0,0
40,0,0,1,0,0,0,0,0,0
40,0,0,0,0,0,0,0,0,0
40,0,0,0,2,0,0,0,0,0
40,0,0,0,3,0,0,0,0,0
40,0,0,0,1,0,0,0,0,0
40,0,0,1,3,0,0,0,0,0
40,0,0,0,2,0,0,0,0,0
40,0,0,0,2,0,0,0,0,0
40,1,0,2,1,0,0,0,0,0
40,0,0,0,0,0,0,0,0,0
40,1,0,0,0,0,0,0,0,0
40,0,0,0,1,0,0,0,0,0
40,0,0,1,0,0,0,0,0,0
40,2,0,0,0,0,0,0,0,0
40,0,0,0,1,0,0,0,0,0
40,0,0,1,0,0,0,0,0,0
40,0,0,0,0,0,0,0,0,0
40,1,0,3,0,0,0,0,0,0
40,0,0,4,1,0,0,0,0,0
40,0,0,1,1,0,0,0,0,0
40,0,0,3,0,0,0,0,0,0
40,0,0,2,1,0,0,0,0,0
40,0,0,2,0,0,0,0,0,0
40,0,0,2,0,0,0,0,0,0
40,0,0,2,0,0,0,0,0,0
40,1,0,3,1,0,0,0,0,0
40,1,0,2,1,0,0,0,0,0
40,0,0,2,0,0,0,0,0,0
40,0,0,4,0,0,0,0,0,0
40,0,0,6,0,0,0,0,0,0
40,0,0,0,0,0,0,0,0,0
40,0,0,0,0,0,0,0,0,0
40,0,0,0,0,0,0,0,0,0
40,0,0,3,1,0,0,0,0,0
40,0,0,2,1,0,0,0,0,0
40,0,0,1,0,0,0,0,0,0
40,0,0,2,0,0,0,0,0,0
40,0,0,0,0,0,0,0,0,0
40,0,0,1,0,0,0,0,0,0
40,0,0,0,1,0,0,0,0,0
40,0,0,5,1,0,0,0,0,0
40,0,0,2,0,0,0,0,0,0
40,0,0,0,4,0,0,0,0,0
40,0,0,0,0,0,0,0,0,0
40,0,0,0,0,0,0,0,0,0
40,0,0,3,1,0,0,0,0,0
40,0,0,2,0,0,0,0,0,0
40,0,0,1,0,0,0,0,0,0
40,0,0,0,1,0,0,0,0,0
40,1,0,1,0,0,0,0,0,0
40,0,0,0,0,0,0,0,0,0
40,0,0,1,0,0,0,0,0,0
40,0,0,0,0,0,0,0,0,0
40,0,0,0,0,0,0,0,0,0
40,0,0,0,0,0,0,0,0,0
40,0,0,0,0,0,0,0,0,0
41,0,0,0,0,0,2,0,3,0
41,0,0,0,0,0,3,1,2,0
41,0,0,0,0,0,2,2,0,0
41,0,0,0,0,0,1,1,0,0
41,0,0,0,0,0,2,1,1,0
41,0,0,0,0,0,0,1,3,0
41,0,0,0,0,0,1,0,1,0
41,0,0,0,0,0,2,0,2,0
41,0,0,0,0,0,3,2,3,0
41,2,0,0,0,0,4,0,1,0
41,0,0,0,0,0,3,0,1,0
41,0,0,0,0,0,4,1,0,0
41,0,0,0,0,0,3,2,1,0
41,0,0,0,0,0,4,2,0,0
41,0,0,0,0,0,3,1,0,0
41,0,0,0,0,0,4,0,0,1
41,0,0,0,0,0,2,0,0,1
41,0,0,0,0,0,3,1,0,0
41,0,0,0,0,0,4,3,0,0
41,0,0,0,0,0,4,2,0,0
41,0,0,1,0,0,0,3,0,0
41,0,0,0,0,0,5,1,0,0
41,0,0,0,0,0,4,0,0,0
41,0,0,0,0,0,3,1,3,0
41,0,0,0,0,0,2,1,2,0
41,0,0,0,0,0,4,1,4,0
41,0,0,0,0,0,1,2,1,0
41,1,0,0,0,0,1,3,4,0
41,1,0,0,0,0,3,0,1,0
41,0,0,0,0,0,4,0,1,0
41,0,0,0,0,0,3,0,0,1
41,0,0,0,0,0,3,0,1,0
41,0,0,0,0,0,4,1,3,0
41,0,0,0,0,0,2,1,1,0
41,0,0,0,0,0,3,3,0,0
41,0,0,0,0,0,3,1,1,0
41,0,0,0,0,0,2,1,0,0
41,0,0,0,0,0,2,1,0,0
41,0,0,0,0,0,3,2,0,0
41,0,0,0,0,0,3,4,0,0
41,0,0,0,0,0,2,0,2,0
41,0,0,0,0,0,2,2,0,0
41,0,0,0,0,0,3,2,0,0
41,0,0,1,0,0,4,2,0,0
41,0,0,1,0,0,1,2,2,0
41,0,0,0,0,0,2,1,0,0
41,0,0,0,0,0,1,1,2,0
41,1,0,0,0,0,3,0,2,1
41,1,0,0,0,0,4,0,1,0
41,0,0,0,0,0,1,0,0,0
41,0,0,0,0,0,0,0,0,0
41,0,0,0,0,0,2,0,0,3
41,0,0,0,0,0,3,3,0,1
41,0,0,0,0,0,0,2,0,1
41,0,0,0,0,0,1,2,0,0
41,0,0,0,0,0,2,1,0,0
41,0,0,0,0,0,1,1,0,1
41,0,0,0,0,0,3,0,2,0
41,0,0,0,0,0,3,0,0,0
41,0,0,0,0,0,4,0,0,1
42,0,0,0,0,0,0,0,1,0
42,0,0,0,0,0,0,0,0,0
42,0,0,0,0,0,0,0,1,0
42,0,0,0,0,0,0,0,0,0
42,0,0,0,0,0,0,0,0,1
42,0,0,0,0,1,0,0,0,0
42,0,0,0,0,0,0,2,0,1
42,1,0,0,1,1,1,2,0,0
42,1,0,0,1,0,1,2,0,0
42,0,0,0,0,0,0,0,0,1
42,0,0,0,0,0,0,0,0,0
42,0,1,0,0,0,0,0,0,0
42,0,0,0,1,0,0,0,0,1
42,0,0,0,1,0,0,0,0,0
42,0,0,0,1,0,0,0,0,0
42,0,0,0,1,0,0,0,0,0
42,0,0,0,0,0,0,2,0,0
42,1,0,1,1,0,0,4,0,0
42,2,0,0,0,0,0,4,0,3
42,0,0,1,0,0,0,0,0,1
42,0,0,0,0,0,0,0,0,2
42,0,0,0,0,0,0,0,0,0
42,1,0,0,0,0,0,3,0,1
42,2,0,0,0,1,1,5,0,1
42,0,0,0,0,0,0,2,0,1
42,0,0,1,0,0,0,0,0,0
42,0,0,1,0,0,0,0,0,1
42,0,0,2,0,0,0,0,0,0
42,2,0,1,1,0,0,1,0,1
42,1,0,0,0,0,0,2,0,0
42,1,0,2,0,0,0,1,0,1
42,0,0,0,0,0,0,1,0,1
42,1,0,1,0,0,0,0,0,0
42,0,0,1,0,0,0,0,0,0
42,0,0,0,1,0,2,0,0,0
42,0,0,0,0,0,0,0,0,0
42,0,0,0,0,0,0,0,0,1
42,0,0,0,1,0,1,0,0,0
42,0,0,0,1,0,2,0,0,0
42,0,0,0,0,0,0,0,0,0
42,0,0,0,0,0,0,0,0,0
42,0,0,0,0,0,0,0,0,0
42,0,1,0,1,0,0,0,0,0
42,0,0,2,0,0,0,0,1,0
42,0,0,0,0,0,0,0,0,0
42,0,0,0,0,0,0,0,0,0
42,0,0,0,0,0,0,0,0,0
42,0,0,0,1,0,0,0,0,0
42,0,0,0,1,0,1,0,0,0
42,0,0,0,0,0,0,0,0,0
42,1,0,0,0,1,0,0,0,0
42,0,0,0,0,1,0,0,1,0
42,0,0,0,0,0,0,0,0,0
42,0,0,0,0,0,0,0,0,0
42,0,0,0,1,0,0,0,0,0
42,0,0,0,0,0,0,0,0,0
42,0,0,0,0,0,0,0,0,0
42,0,0,0,0,0,0,0,0,0
42,0,0,0,0,1,0,0,0,1
42,0,0,0,0,0,0,0,0,0
43,0,0,0,0,0,3,0,0,0
43,0,0,0,0,0,2,0,0,0
43,0,0,0,0,0,4,0,0,0
43,0,0,0,0,0,4,0,0,0
43,0,0,0,0,0,4,0,0,0
43,0,0,0,0,0,2,0,0,0
43,0,0,0,0,0,3,0,0,0
43,0,0,0,0,0,4,0,0,0
43,0,0,0,0,0,3,0,0,0
43,0,0,0,0,0,1,0,0,0
43,0,0,0,0,0,2,0,0,0
43,0,0,0,0,0,2,0,0,0
43,0,0,0,0,0,2,0,0,0
43,0,0,0,0,0,3,0,0,0
43,0,0,0,0,0,2,0,0,0
43,0,0,0,0,0,2,2,0,0
43,0,0,0,0,0,3,1,0,0
43,0,0,0,0,0,1,1,0,0
43,0,0,0,0,0,4,0,0,0
43,0,0,1,0,0,4,2,0,0
43,0,0,0,0,0,1,2,0,0
43,1,0,0,0,0,6,0,0,0
43,1,0,0,0,0,4,0,0,0
43,0,0,0,0,0,5,0,0,0
43,0,0,0,0,0,5,0,0,0
43,0,0,0,0,0,2,0,0,0
43,0,0,0,0,0,1,0,0,0
43,1,0,0,0,0,2,0,0,0
43,0,0,0,0,0,1,0,0,0
43,0,0,0,0,0,1,0,0,0
43,0,0,0,0,0,0,0,0,0
43,0,0,0,0,0,4,0,0,0
43,0,0,0,0,0,4,0,0,0
43,0,0,0,0,0,2,0,0,0
43,0,0,0,0,0,2,0,0,0
43,0,0,0,0,0,1,0,0,0
43,2,0,0,0,0,3,0,0,0
43,0,0,0,0,0,4,0,0,0
43,0,0,0,0,0,1,0,0,0
43,0,0,0,0,0,4,0,0,0
43,0,0,0,0,0,3,0,0,0
43,0,0,0,0,0,1,0,0,0
43,0,0,0,0,0,3,0,0,0
43,0,0,0,0,0,1,0,0,0
43,0,0,0,0,0,2,0,0,0
43,0,0,0,0,0,1,0,0,0
43,0,0,0,0,0,3,0,0,0
43,0,0,0,0,0,0,0,0,0
43,0,0,0,0,0,3,0,0,0
43,0,0,0,0,0,1,0,0,0
43,0,0,0,0,0,5,0,0,0
43,0,0,0,0,0,5,0,0,0
43,0,0,0,0,0,3,0,0,0
43,0,1,0,0,0,3,0,0,0
43,0,0,0,0,0,5,0,0,0
43,0,0,0,0,0,3,0,0,0
43,0,0,0,0,0,1,0,0,0
43,0,0,0,0,0,3,0,0,0
43,0,0,0,0,0,3,0,0,0
43,0,0,0,0,0,1,0,0,0
44,0,1,1,0,0,0,0,0,0
44,0,1,0,0,0,0,0,0,0
44,0,0,2,0,0,0,0,0,0
44,0,0,0,0,0,0,0,0,0
44,0,0,2,0,0,0,0,0,0
44,0,0,1,1,0,0,0,0,0
44,0,0,1,2,0,0,0,0,0
44,1,0,2,0,0,0,0,0,0
44,0,0,1,0,0,0,0,0,0
44,1,0,0,1,0,0,1,0,0
44,0,0,0,1,0,1,1,0,0
44,0,0,0,0,0,2,1,0,0
44,0,0,0,1,0,3,0,0,0
44,0,0,0,1,0,4,0,0,0
44,0,0,1,1,0,0,0,0,0
44,0,0,1,0,0,1,0,0,0
44,1,0,3,0,0,0,0,0,0
44,0,0,4,0,0,0,0,0,0
44,0,0,0,0,0,0,0,0,0
44,0,0,0,0,0,0,0,0,0
44,0,0,0,0,1,0,0,0,0
44,1,0,0,0,0,2,5,0,0
44,0,0,0,0,0,2,2,0,0
44,0,1,0,0,0,0,2,0,0
44,0,0,1,1,0,0,0,0,0
44,1,0,0,1,0,3,2,0,0
44,2,0,0,0,0,1,2,0,0
44,2,0,0,0,0,2,2,0,0
44,1,0,4,0,0,1,0,0,0
44,1,0,3,0,0,0,0,0,0
44,0,0,2,0,0,1,0,0,0
44,1,0,0,0,0,3,1,0,0
44,1,0,0,0,0,1,3,0,0
44,0,0,0,0,0,4,2,0,0
44,0,0,0,0,0,0,0,0,0
44,0,0,0,0,0,3,0,0,0
44,0,0,0,1,0,2,0,0,0
44,0,0,0,0,0,5,0,0,0
44,0,0,0,1,0,4,0,0,0
44,0,0,0,0,0,0,0,0,0
44,0,0,2,0,0,0,0,0,0
44,0,0,1,0,0,0,0,0,0
44,0,0,2,0,0,0,0,0,0
44,0,0,0,0,0,0,0,0,0
44,0,0,0,0,0,3,0,0,0
44,0,0,0,1,0,2,0,0,0
44,0,0,0,0,0,0,0,0,0
44,0,0,0,0,0,2,0,0,0
44,0,0,0,0,0,1,0,0,0
44,0,0,0,0,0,2,0,0,0
44,0,0,1,1,0,0,0,0,0
44,0,0,1,0,0,0,0,0,0
44,0,0,0,1,0,3,0,0,0
44,0,0,0,0,0,1,0,0,0
44,3,0,0,0,0,1,0,0,0
44,0,0,0,0,0,0,0,0,0
44,0,0,0,0,0,5,0,0,0
44,0,0,0,0,0,2,0,0,0
44,0,0,0,0,0,1,0,0,0
44,0,0,0,0,0,3,0,0,0
45,0,0,0,0,0,0,0,2,0
45,0,0,0,0,0,0,0,2,0
45,0,0,0,0,0,0,0,2,0
45,0,0,0,0,2,0,1,0,0
45,0,2,0,0,3,0,0,3,0
45,0,0,0,0,1,0,0,0,0
45,0,0,0,0,0,1,0,1,0
45,0,0,0,0,1,0,0,2,0
45,0,0,0,0,0,1,0,3,0
45,0,0,0,0,0,0,0,0,0
45,0,0,0,0,2,0,0,0,0
45,0,0,0,0,0,0,1,0,0
45,0,0,0,0,0,4,0,1,0
45,0,0,0,0,0,4,0,2,0
45,0,0,0,0,0,3,0,3,0
45,0,0,0,0,0,0,1,0,0
45,0,0,0,0,0,0,0,0,0
45,2,1,0,0,1,0,0,0,0
45,0,0,0,0,0,2,0,1,0
45,0,0,0,0,0,0,0,0,0
45,0,0,0,0,0,3,0,1,0
45,0,0,0,0,0,0,0,2,0
45,0,0,0,0,0,2,0,2,0
45,0,0,0,0,0,2,0,3,0
45,2,0,0,0,0,1,0,0,0
45,2,0,0,0,0,0,0,0,0
45,2,0,1,0,0,1,0,1,0
45,0,0,0,0,1,0,0,1,0
45,0,0,0,0,0,2,0,1,0
45,0,0,0,0,0,0,0,0,0
45,0,0,0,0,0,1,0,1,0
45,1,0,0,0,1,0,0,0,0
45,0,0,0,0,0,2,0,0,0
45,0,1,0,0,0,2,1,0,0
45,0,0,0,0,0,1,2,0,0
45,0,0,0,0,0,0,2,0,0
45,0,0,0,0,2,0,0,0,0
45,0,0,0,0,0,0,0,0,0
45,0,0,0,0,0,1,0,0,0
45,0,0,0,0,0,0,1,0,0
45,0,0,0,0,1,0,0,0,0
45,0,0,0,0,0,2,0,0,0
45,0,0,0,0,0,0,0,1,0
45,0,0,0,0,0,0,0,2,0
45,0,0,0,0,0,0,0,3,0
45,0,0,0,0,0,0,0,1,0
45,0,0,0,0,0,0,0,4,0
45,0,0,0,0,0,0,0,3,0
45,0,1,0,0,0,0,0,2,0
45,1,0,0,0,0,0,0,1,0
45,1,0,0,0,0,0,0,2,0
45,0,0,0,0,1,0,0,1,0
45,0,0,0,0,2,0,0,0,2
45,0,0,0,0,2,0,0,0,2
45,0,0,0,0,0,1,0,4,0
45,0,0,0,0,0,1,0,2,0
45,0,0,0,0,0,0,0,2,0
45,0,0,0,0,0,1,0,1,0
45,0,0,0,0,0,3,0,1,0
45,0,0,0,0,0,3,0,0,0
46,0,0,0,0,1,0,0,0,0
46,0,0,0,0,0,0,0,0,0
46,0,0,0,0,2,0,0,0,0
46,0,0,0,0,1,0,0,1,0
46,0,0,0,0,1,0,0,1,0
46,0,0,0,0,1,0,0,2,0
46,0,0,0,0,2,0,0,1,0
46,0,0,0,1,2,0,0,2,0
46,0,0,0,0,1,0,0,2,0
46,0,0,0,0,0,0,0,5,0
46,0,0,0,0,0,0,0,3,0
46,0,0,0,0,0,0,0,1,0
46,0,0,0,0,0,0,0,2,0
46,0,0,0,0,1,0,0,2,0
46,0,0,0,0,0,0,0,2,0
46,0,0,0,0,0,0,0,3,0
46,0,1,0,0,0,0,0,2,0
46,2,0,0,0,2,0,0,2,0
46,2,0,0,2,1,0,0,3,0
46,0,0,0,0,1,0,0,1,0
46,0,0,0,0,1,0,0,0,0
46,0,0,0,0,0,0,0,1,0
46,0,0,0,0,0,0,0,5,0
46,0,0,0,1,0,0,0,2,0
46,0,0,0,0,0,0,0,1,0
46,0,2,0,0,2,0,0,0,0
46,1,0,0,0,3,0,0,2,0
46,1,0,0,0,0,0,0,1,0
46,0,0,0,0,1,0,0,0,0
46,0,0,0,0,1,0,0,1,0
46,0,0,0,0,1,0,0,2,0
46,0,0,0,0,1,0,0,0,0
46,1,0,0,0,2,0,0,1,0
46,0,0,0,0,1,0,0,0,0
46,0,0,0,0,1,0,0,1,0
46,0,0,0,0,0,0,0,1,0
46,0,0,0,0,0,0,0,1,0
46,0,0,0,0,0,0,0,1,0
46,0,0,0,0,1,0,0,0,0
46,0,0,0,0,0,0,0,0,0
46,0,0,0,0,0,0,0,1,0
46,0,0,0,0,1,0,0,0,0
46,0,0,0,0,1,0,0,1,0
46,0,0,0,0,0,0,0,4,0
46,0,0,0,0,0,0,0,3,0
46,0,0,0,0,0,0,0,3,0
46,0,0,0,0,0,0,0,5,0
46,0,0,0,0,0,0,0,5,0
46,0,0,0,0,1,0,0,0,2
46,0,0,0,0,1,0,0,0,1
46,0,0,0,0,0,0,0,2,0
46,0,0,0,0,0,0,0,5,0
46,0,0,0,0,0,0,0,6,0
46,0,0,0,0,0,0,0,4,0
46,0,0,0,0,0,0,0,3,0
46,0,0,0,0,0,0,0,1,0
46,0,0,0,0,0,0,0,0,0
46,0,0,0,0,0,1,0,0,0
46,0,0,0,0,1,0,0,0,0
46,0,0,0,0,0,0,0,0,0